2 1 2 162
41 1 5 36 
42 36 5 37 
43 36 37 35 
44 35 37 38 
45 35 38 34 
46 34 38 39 
47 34 39 33 
48 33 39 40 
49 33 40 32 
50 32 40 41 
51 32 41 31 
52 31 41 42 
53 31 42 30 
54 30 42 43 
55 30 43 29 
56 29 43 44 
57 29 44 4 
58 4 44 28 
59 5 6 37 
60 37 6 45 
61 37 45 38 
62 38 45 46 
63 38 46 39 
64 39 46 47 
65 39 47 40 
66 40 47 48 
67 40 48 41 
68 41 48 49 
69 41 49 42 
70 42 49 50 
71 42 50 43 
72 43 50 51 
73 43 51 44 
74 44 51 52 
75 44 52 28 
76 28 52 27 
77 6 7 45 
78 45 7 53 
79 45 53 46 
80 46 53 54 
81 46 54 47 
82 47 54 55 
83 47 55 48 
84 48 55 56 
85 48 56 49 
86 49 56 57 
87 49 57 50 
88 50 57 58 
89 50 58 51 
90 51 58 59 
91 51 59 52 
92 52 59 60 
93 52 60 27 
94 27 60 26 
95 7 8 53 
96 53 8 61 
97 53 61 54 
98 54 61 62 
99 54 62 55 
100 55 62 63 
101 55 63 56 
102 56 63 64 
103 56 64 57 
104 57 64 65 
105 57 65 58 
106 58 65 66 
107 58 66 59 
108 59 66 67 
109 59 67 60 
110 60 67 68 
111 60 68 26 
112 26 68 25 
113 8 9 61 
114 61 9 69 
115 61 69 62 
116 62 69 70 
117 62 70 63 
118 63 70 71 
119 63 71 64 
120 64 71 72 
121 64 72 65 
122 65 72 73 
123 65 73 66 
124 66 73 74 
125 66 74 67 
126 67 74 75 
127 67 75 68 
128 68 75 76 
129 68 76 25 
130 25 76 24 
131 9 10 69 
132 69 10 77 
133 69 77 70 
134 70 77 78 
135 70 78 71 
136 71 78 79 
137 71 79 72 
138 72 79 80 
139 72 80 73 
140 73 80 81 
141 73 81 74 
142 74 81 82 
143 74 82 75 
144 75 82 83 
145 75 83 76 
146 76 83 84 
147 76 84 24 
148 24 84 23 
149 10 11 77 
150 77 11 85 
151 77 85 78 
152 78 85 86 
153 78 86 79 
154 79 86 87 
155 79 87 80 
156 80 87 88 
157 80 88 81 
158 81 88 89 
159 81 89 82 
160 82 89 90 
161 82 90 83 
162 83 90 91 
163 83 91 84 
164 84 91 92 
165 84 92 23 
166 23 92 22 
167 11 12 85 
168 85 12 93 
169 85 93 86 
170 86 93 94 
171 86 94 87 
172 87 94 95 
173 87 95 88 
174 88 95 96 
175 88 96 89 
176 89 96 97 
177 89 97 90 
178 90 97 98 
179 90 98 91 
180 91 98 99 
181 91 99 92 
182 92 99 100 
183 92 100 22 
184 22 100 21 
185 12 2 93 
186 93 2 13 
187 93 13 94 
188 94 13 14 
189 94 14 95 
190 95 14 15 
191 95 15 96 
192 96 15 16 
193 96 16 97 
194 97 16 17 
195 97 17 98 
196 98 17 18 
197 98 18 99 
198 99 18 19 
199 99 19 100 
200 100 19 20 
201 100 20 21 
202 21 20 3