2 1 2 3172
227 1510 1586 1248 
228 901 1132 234 
229 1413 1463 787 
230 896 920 291 
231 234 1577 901 
232 1030 1038 595 
233 1482 1483 1395 
234 289 1530 905 
235 254 1586 1510 
236 948 1436 283 
237 603 1127 971 
238 595 1034 1030 
239 1009 1626 1018 
240 283 1436 1058 
241 291 1509 896 
242 247 916 910 
243 994 1070 238 
244 996 1646 854 
245 1447 1594 861 
246 66 909 242 
247 964 1105 798 
248 1018 1072 1009 
249 113 1414 112 
250 65 909 66 
251 902 1268 257 
252 140 1082 139 
253 139 1082 292 
254 960 1086 230 
255 1073 1498 580 
256 71 1543 1463 
257 898 900 233 
258 161 1063 160 
259 1017 1498 1073 
260 1043 1048 1046 
261 945 1520 288 
262 288 1518 945 
263 987 1060 986 
264 1074 1548 20 
265 207 1272 206 
266 1515 1562 863 
267 238 1515 994 
268 854 998 996 
269 230 1447 960 
270 1026 1385 1038 
271 824 1450 1284 
272 281 1294 1284 
273 233 956 898 
274 725 1255 724 
275 1011 1015 1005 
276 1465 1551 832 
277 1284 1450 281 
278 1127 1550 971 
279 1230 1476 1475 
280 905 1530 907 
281 184 1183 260 
282 833 1064 747 
283 1463 1543 858 
284 160 1063 252 
285 230 1594 1447 
286 1218 1538 264 
287 1461 1479 828 
288 264 1545 1218 
289 246 1055 1054 
290 1060 1071 986 
291 833 1660 1064 
292 175 1517 290 
293 787 1463 858 
294 268 1272 207 
295 832 1551 1091 
296 1301 1570 946 
297 185 1183 184 
298 946 1570 1541 
299 854 1646 853 
300 825 1537 1452 
301 98 1295 97 
302 855 1548 1074 
303 95 1449 94 
304 1090 1556 985 
305 988 1550 629 
306 1004 1011 1005 
307 1042 1048 1043 
308 1053 1105 964 
309 247 1584 916 
310 1044 1431 1059 
311 1075 1557 667 
312 1305 1572 1220 
313 1220 1572 1547 
314 1026 1038 1030 
315 281 1295 1294 
316 667 1639 1075 
317 987 1629 1060 
318 1395 1596 1482 
319 457 1085 458 
320 969 1067 967 
321 976 1068 974 
322 997 1066 995 
323 904 1467 903 
324 97 1295 281 
325 238 1562 1515 
326 1038 1385 596 
327 953 1588 284 
328 17 1071 1060 
329 880 1497 1298 
330 27 1004 232 
331 39 1042 225 
332 42 1050 227 
333 275 1264 952 
334 1483 1506 1395 
335 290 1255 1234 
336 1189 1529 1484 
337 246 1463 1413 
338 246 1413 1055 
339 1018 1626 1019 
340 972 1067 969 
341 1000 1066 997 
342 979 1068 976 
343 153 1458 152 
344 1234 1254 290 
345 288 1520 946 
346 1059 1064 1050 
347 1461 1625 1479 
348 1004 1005 232 
349 1042 1043 225 
350 896 1509 1120 
351 267 1462 1358 
352 946 1541 288 
353 1056 1515 864 
354 283 1485 948 
355 112 1414 262 
356 1475 1630 1230 
357 257 1514 902 
358 945 1536 1296 
359 629 1638 988 
360 958 1089 1086 
361 1059 1431 681 
362 1467 1695 903 
363 1050 1064 227 
364 1518 1536 945 
365 113 1616 1414 
366 737 1632 1061 
367 737 1061 761 
368 257 1268 1120 
369 250 1458 153 
370 264 1538 1220 
371 1426 1469 1468 
372 282 1648 1595 
373 1509 1622 1120 
374 724 1255 795 
375 1234 1255 725 
376 952 1654 275 
377 267 1561 1462 
378 1595 1648 897 
379 146 1292 145 
380 65 1076 909 
381 1220 1547 264 
382 919 1532 8 
383 1134 1604 1566 
384 1084 1085 1033 
385 35 1348 1039 
386 1540 1610 891 
387 1218 1564 1226 
388 1545 1564 1218 
389 905 1597 289 
390 958 1086 960 
391 258 1609 1563 
392 908 1594 47 
393 1015 1017 1007 
394 458 1085 461 
395 437 1565 1549 
396 1452 1537 266 
397 910 1451 247 
398 798 1607 964 
399 1022 1430 1025 
400 769 1556 1090 
401 1563 1609 944 
402 233 1089 956 
403 1005 1015 1007 
404 1044 1059 1049 
405 290 1517 1255 
406 788 1454 1413 
407 1298 1497 251 
408 1568 1626 1014 
409 585 1498 1017 
410 256 1635 1249 
411 254 1510 1290 
412 1006 1072 232 
413 1249 1627 256 
414 40 1049 41 
415 1059 1580 1064 
416 994 1515 1056 
417 287 1613 1219 
418 1049 1050 41 
419 298 1610 1540 
420 1017 1579 585 
421 8 1637 919 
422 1009 1072 1006 
423 991 1070 994 
424 855 1646 1548 
425 292 1082 1077 
426 1020 1052 231 
427 302 1053 249 
428 300 1054 745 
429 989 1070 991 
430 1219 1658 287 
431 1054 1055 745 
432 967 1067 11 
433 974 1068 14 
434 68 973 966 
435 995 1066 23 
436 261 1618 947 
437 273 1531 950 
438 1449 1450 824 
439 95 1450 1449 
440 47 1605 908 
441 1111 1543 244 
442 971 1643 603 
443 94 1449 269 
444 1566 1604 1056 
445 878 1293 876 
446 955 1588 953 
447 1262 1298 251 
448 857 1591 1578 
449 909 1606 242 
450 297 1493 144 
451 41 1050 42 
452 900 1671 233 
453 1470 1471 1202 
454 947 1669 261 
455 1290 1603 254 
456 962 1116 236 
457 1019 1626 1568 
458 284 1587 953 
459 962 1453 790 
460 269 1297 1200 
461 1578 1591 272 
462 277 1695 1467 
463 972 1550 988 
464 853 1646 855 
465 854 1069 998 
466 263 1440 961 
467 1484 1558 1189 
468 1008 1073 1012 
469 145 1292 297 
470 963 1562 59 
471 898 956 899 
472 1061 1632 973 
473 176 1517 175 
474 26 1004 27 
475 38 1042 39 
476 107 1588 1574 
477 1011 1680 1016 
478 1271 1332 280 
479 302 1105 1053 
480 1583 1680 1011 
481 1039 1690 35 
482 1456 1642 1048 
483 1037 1642 1456 
484 1021 1430 1022 
485 956 1089 958 
486 950 1694 273 
487 901 1577 900 
488 1549 1565 1036 
489 861 1594 908 
490 1250 1586 167 
491 1248 1586 1250 
492 161 1593 1063 
493 1109 1447 862 
494 889 1576 1554 
495 956 957 899 
496 1577 1671 900 
497 457 1670 1085 
498 636 1105 304 
499 965 1584 5 
500 1292 1497 880 
501 1051 1512 1040 
502 1477 1478 1429 
503 1413 1454 1055 
504 948 1485 949 
505 59 1633 963 
506 1085 1670 1033 
507 244 1684 1111 
508 167 1672 1250 
509 1029 1670 1171 
510 1466 1467 904 
511 595 1549 1034 
512 962 1673 1453 
513 1020 1696 1052 
514 1429 1681 1477 
515 294 1260 1065 
516 251 1444 1262 
517 1027 1348 1023 
518 265 1574 1316 
519 285 1500 1102 
520 629 1550 1127 
521 293 1273 1062 
522 1046 1575 1047 
523 1048 1642 1046 
524 1291 1293 297 
525 1057 1452 266 
526 1025 1430 1032 
527 241 1076 64 
528 236 1673 962 
529 960 1447 1109 
530 1535 1585 600 
531 297 1292 1291 
532 1069 1174 592 
533 137 1612 1460 
534 889 1293 878 
535 876 1293 1291 
536 1011 1016 1015 
537 1064 1660 227 
538 988 1652 972 
539 961 1582 263 
540 1272 1592 206 
541 1007 1073 1008 
542 788 1413 787 
543 1047 1575 1489 
544 1003 1004 26 
545 1041 1042 38 
546 1251 1650 1254 
547 1491 1503 1129 
548 300 301 249 
549 1018 1019 231 
550 1021 1022 229 
551 989 990 241 
552 86 1473 85 
553 1460 1662 137 
554 854 1174 1069 
555 1295 1537 825 
556 1058 1631 283 
557 1412 1695 277 
558 1183 1544 260 
559 277 1651 1412 
560 64 1076 65 
561 1462 1561 1333 
562 1332 1333 280 
563 1061 1488 761 
564 1262 1444 891 
565 225 1049 40 
566 1293 1493 297 
567 1650 1676 1254 
568 146 1497 1292 
569 180 1478 179 
570 1005 1006 232 
571 1043 1044 225 
572 972 1652 1067 
573 461 1085 1083 
574 98 1537 1295 
575 304 1105 302 
576 798 1105 636 
577 1468 1661 1426 
578 990 1448 241 
579 985 1556 987 
580 1579 1655 1124 
581 1023 1348 229 
582 144 1493 143 
583 1529 1656 1484 
584 10 967 11 
585 13 974 14 
586 37 1041 38 
587 67 973 68 
588 25 1003 26 
589 19 1074 20 
590 4 965 5 
591 17 1060 18 
592 16 1071 17 
593 22 995 23 
594 585 1579 1124 
595 3 964 248 
596 231 1052 31 
597 12 1067 243 
598 69 966 244 
599 15 1068 240 
600 24 1066 235 
601 30 1018 231 
602 230 1086 49 
603 33 1021 229 
604 45 1040 228 
605 249 1053 76 
606 75 300 249 
607 246 1054 73 
608 232 1072 28 
609 227 1051 43 
610 63 989 241 
611 238 1070 61 
612 51 1089 233 
613 1 1053 964 
614 32 1052 1021 
615 29 1072 1018 
616 74 1054 300 
617 44 1051 1040 
618 1086 1089 50 
619 62 1070 989 
620 34 1348 35 
621 1471 1689 1202 
622 1200 1455 269 
623 658 1180 659 
624 1017 1073 1007 
625 1171 1553 1029 
626 1039 1348 1027 
627 1442 1445 623 
628 1033 1670 1029 
629 241 1448 1076 
630 1574 1588 955 
631 258 1563 1296 
632 140 1645 1082 
633 864 1566 1056 
634 1049 1059 1050 
635 753 1116 752 
636 255 1662 1459 
637 1052 1430 1021 
638 1057 1552 1058 
639 266 1552 1057 
640 1494 1511 802 
641 1063 1521 252 
642 1296 1536 258 
643 860 1481 1480 
644 234 1453 55 
645 1504 1513 830 
646 226 1456 1041 
647 268 1539 1272 
648 1561 1667 1333 
649 1102 1616 285 
650 694 1182 1181 
651 1426 1555 1469 
652 250 1496 1458 
653 598 1184 1088 
654 990 1502 1448 
655 694 1181 1180 
656 71 1463 72 
657 1067 1652 243 
658 681 1580 1059 
659 269 1449 1297 
660 1230 1587 1476 
661 956 958 957 
662 1128 1165 744 
663 592 1434 1069 
664 957 1088 899 
665 694 1180 658 
666 1097 1418 1103 
667 659 1180 1087 
668 1079 1417 1104 
669 1074 1639 855 
670 1316 1574 955 
671 752 1116 962 
672 764 1116 753 
673 1088 1184 899 
674 1305 1613 287 
675 1109 1503 1491 
676 1047 1585 1535 
677 1087 1180 286 
678 85 1473 275 
679 1019 1020 231 
680 301 302 249 
681 1022 1023 229 
682 300 745 301 
683 989 991 990 
684 1003 1011 1004 
685 1041 1048 1042 
686 287 1572 1305 
687 1301 1618 261 
688 1103 1418 490 
689 959 1443 957 
690 864 1515 863 
691 1104 1417 449 
692 841 1435 1428 
693 261 1570 1301 
694 1044 1049 225 
695 1088 1346 598 
696 965 1697 1584 
697 1005 1007 1006 
698 1043 1045 1044 
699 1087 1582 961 
700 745 1445 1442 
701 918 1186 1155 
702 1069 1534 998 
703 1052 1696 1430 
704 1155 1186 1153 
705 8 1532 9 
706 289 1478 180 
707 1093 1195 599 
708 957 1443 1088 
709 902 1514 1065 
710 1156 1386 409 
711 827 1455 1200 
712 1094 1192 611 
713 1195 1302 500 
714 1096 1410 562 
715 1499 1501 742 
716 1093 1302 1195 
717 1095 1156 500 
718 1160 1408 564 
719 958 959 957 
720 1121 1364 540 
721 1159 1367 370 
722 1096 1418 1097 
723 671 1167 669 
724 1106 1396 455 
725 1157 1390 498 
726 500 1302 1095 
727 1160 1417 1079 
728 1192 1300 555 
729 1172 1362 413 
730 694 1371 1182 
731 1107 1121 568 
732 1182 1371 784 
733 1157 1399 941 
734 1094 1300 1192 
735 1108 1159 555 
736 1153 1186 568 
737 606 1424 1420 
738 1110 1370 496 
739 1444 1540 891 
740 70 1543 71 
741 562 1410 1405 
742 1114 1173 761 
743 940 1410 1096 
744 1198 1375 781 
745 1112 1407 818 
746 568 1186 1107 
747 788 1178 1149 
748 1162 1173 1114 
749 884 1408 1160 
750 1152 1363 448 
751 555 1300 1108 
752 539 1407 1112 
753 564 1408 1402 
754 901 1133 1132 
755 662 1170 1113 
756 538 1377 1147 
757 895 1167 1111 
758 301 303 302 
759 1399 1405 941 
760 1022 1024 1023 
761 1095 1386 1156 
762 991 992 990 
763 1152 1379 888 
764 1115 1169 667 
765 879 1396 1106 
766 687 1133 689 
767 768 1169 1115 
768 605 1185 1141 
769 1147 1377 812 
770 933 1390 1157 
771 1107 1364 1121 
772 1177 1322 544 
773 1175 1321 417 
774 1141 1185 801 
775 455 1396 1389 
776 1222 1374 499 
777 1149 1178 584 
778 669 1167 1113 
779 1145 1323 374 
780 498 1390 1381 
781 1111 1167 671 
782 839 1362 1172 
783 1043 1046 1045 
784 1108 1367 1159 
785 294 1461 1260 
786 1007 1008 1006 
787 675 1117 673 
788 929 1370 1110 
789 1240 1372 1253 
790 1209 1374 1222 
791 1151 1327 554 
792 873 1363 1152 
793 1197 1199 772 
794 1428 1435 228 
795 1222 1387 1216 
796 893 1357 797 
797 1113 1167 662 
798 912 1322 1177 
799 835 1321 1175 
800 459 1199 1197 
801 1253 1372 556 
802 689 1133 901 
803 1379 1389 888 
804 598 1346 392 
805 826 1394 1147 
806 553 1344 1118 
807 1113 1170 1164 
808 600 1176 1119 
809 772 1335 697 
810 1415 1419 552 
811 762 1323 1145 
812 1221 1331 365 
813 1151 1347 936 
814 1146 1315 456 
815 1150 1179 623 
816 453 1375 1198 
817 923 1327 1151 
818 1126 1169 768 
819 1319 1325 569 
820 496 1370 1360 
821 675 1133 1117 
822 851 1380 1187 
823 1480 1649 860 
824 700 1334 848 
825 546 1223 1193 
826 352 1142 589 
827 557 1401 1397 
828 1405 1410 941 
829 1400 1407 539 
830 1117 1125 673 
831 1146 1338 887 
832 1164 1170 330 
833 893 1325 1319 
834 1117 1133 687 
835 1236 1329 1252 
836 958 960 959 
837 1118 1344 808 
838 1163 1173 1162 
839 1228 1366 735 
840 570 1126 493 
841 448 1363 1352 
842 592 1174 1135 
843 1253 1388 1246 
844 1193 1223 848 
845 1252 1329 563 
846 584 1178 1139 
847 1381 1390 1110 
848 599 1195 400 
849 611 1192 358 
850 1138 1185 605 
851 1402 1408 1106 
852 1205 1331 1221 
853 867 1315 1146 
854 1143 1184 598 
855 583 1163 333 
856 498 1399 1157 
857 517 1122 588 
858 562 1418 1096 
859 327 1164 330 
860 916 1128 739 
861 1389 1396 888 
862 790 1131 677 
863 521 1123 629 
864 477 1124 622 
865 384 1125 597 
866 525 1127 603 
867 572 1129 396 
868 1182 1183 1181 
869 622 1130 479 
870 589 1134 354 
871 683 1138 342 
872 455 1402 1106 
873 826 1400 1394 
874 603 1154 527 
875 686 1143 386 
876 584 1139 319 
877 493 1126 495 
878 592 1135 487 
879 1132 1133 675 
880 1387 1397 1216 
881 496 1381 1110 
882 333 1163 335 
883 490 1420 1103 
884 427 1176 600 
885 596 1144 445 
886 591 1161 672 
887 609 1158 682 
888 378 1166 573 
889 381 1125 384 
890 573 1166 676 
891 551 1168 618 
892 406 1156 409 
893 548 1161 591 
894 509 1136 510 
895 465 1137 466 
896 421 1158 609 
897 1148 1149 584 
898 364 1159 370 
899 535 1121 540 
900 564 1417 1160 
901 1347 1360 936 
902 620 1162 1114 
903 342 1138 343 
904 1360 1370 936 
905 309 1179 311 
906 739 1128 633 
907 386 1143 387 
908 570 1169 1126 
909 677 1131 674 
910 350 1142 352 
911 492 1135 663 
912 623 1179 309 
913 340 1162 620 
914 1008 1009 1006 
915 1199 1335 772 
916 597 1125 1117 
917 317 1148 584 
918 531 1153 568 
919 869 1146 887 
920 627 1170 662 
921 875 1152 888 
922 324 1139 668 
923 925 1151 936 
924 448 1379 1152 
925 567 1403 1398 
926 1242 1253 1246 
927 1420 1424 1103 
928 1211 1222 1216 
929 935 1157 941 
930 332 1170 627 
931 1368 1377 538 
932 499 1374 1359 
933 1352 1363 887 
934 591 633 626 
935 1140 1142 350 
936 799 909 800 
937 689 900 898 
938 886 1160 1079 
939 853 855 666 
940 633 1128 744 
941 684 799 685 
942 609 680 679 
943 687 689 688 
944 515 1122 517 
945 787 858 671 
946 915 1186 918 
947 665 666 664 
948 620 684 683 
949 573 674 673 
950 582 1366 1228 
951 1187 1380 601 
952 670 671 669 
953 665 1174 854 
954 674 1131 675 
955 627 660 635 
956 1119 1176 679 
957 663 1174 665 
958 768 1115 769 
959 768 769 505 
960 633 744 626 
961 660 737 635 
962 752 962 790 
963 591 626 561 
964 605 1141 1140 
965 597 687 686 
966 663 664 570 
967 674 675 673 
968 1154 1155 1153 
969 548 591 561 
970 910 916 739 
971 627 635 583 
972 665 853 666 
973 679 1176 423 
974 863 963 766 
975 378 573 380 
976 861 908 843 
977 680 681 679 
978 917 919 914 
979 449 1422 1104 
980 421 609 423 
981 668 669 586 
982 663 665 664 
983 573 673 380 
984 752 790 677 
985 340 620 342 
986 332 627 583 
987 384 597 386 
988 1131 1132 675 
989 609 679 423 
990 670 787 671 
991 503 768 505 
992 689 898 688 
993 507 1276 1231 
994 427 600 429 
995 513 602 515 
996 1148 1179 1150 
997 469 580 471 
998 452 1171 457 
999 348 1140 350 
1000 410 1172 413 
1001 909 1076 800 
1002 799 800 685 
1003 380 1125 381 
1004 684 685 683 
1005 519 1123 521 
1006 346 605 348 
1007 517 588 519 
1008 473 585 475 
1009 687 688 686 
1010 1338 1352 887 
1011 668 670 669 
1012 390 598 392 
1013 1148 1150 1149 
1014 620 683 342 
1015 475 1124 477 
1016 492 663 570 
1017 668 1178 670 
1018 670 1178 788 
1019 433 607 435 
1020 521 629 523 
1021 597 686 386 
1022 602 1122 515 
1023 414 1175 417 
1024 848 1334 1193 
1025 477 622 479 
1026 324 668 586 
1027 682 747 680 
1028 394 572 396 
1029 371 1145 374 
1030 541 1177 544 
1031 352 589 354 
1032 672 739 633 
1033 447 1144 451 
1034 398 599 400 
1035 1022 1025 1024 
1036 489 1135 492 
1037 439 595 441 
1038 1031 1039 1027 
1039 487 1135 489 
1040 810 1118 808 
1041 356 611 358 
1042 445 1144 447 
1043 525 603 527 
1044 527 1154 529 
1045 740 910 739 
1046 869 887 871 
1047 925 936 927 
1048 605 1140 348 
1049 354 1134 356 
1050 867 1146 869 
1051 321 1139 324 
1052 303 304 302 
1053 319 1139 321 
1054 588 1123 519 
1055 923 1151 925 
1056 479 1130 481 
1057 396 1129 398 
1058 529 1154 1153 
1059 816 826 814 
1060 929 1110 931 
1061 1205 1221 1207 
1062 1236 1252 1238 
1063 873 1152 875 
1064 324 586 325 
1065 748 833 747 
1066 585 1124 475 
1067 409 1172 410 
1068 991 993 992 
1069 1024 1026 1023 
1070 875 888 877 
1071 481 575 483 
1072 523 1127 525 
1073 317 584 319 
1074 741 798 636 
1075 451 1171 452 
1076 370 1145 371 
1077 492 570 493 
1078 356 1134 611 
1079 676 677 674 
1080 1079 1104 1080 
1081 531 568 533 
1082 485 592 487 
1083 1240 1253 1242 
1084 315 1148 317 
1085 1242 1246 1244 
1086 1231 1276 701 
1087 343 1138 346 
1088 529 1153 531 
1089 1209 1222 1211 
1090 1135 1174 663 
1091 398 1129 599 
1092 1211 1216 1213 
1093 814 1147 812 
1094 481 1130 575 
1095 820 1112 818 
1096 879 1106 882 
1097 413 1175 414 
1098 503 505 504 
1099 933 1157 935 
1100 662 895 660 
1101 402 500 404 
1102 443 596 445 
1103 387 1143 390 
1104 375 1166 378 
1105 678 752 677 
1106 413 1362 1175 
1107 935 941 938 
1108 985 986 983 
1109 330 332 331 
1110 629 1127 523 
1111 466 1137 469 
1112 418 1158 421 
1113 360 555 362 
1114 1319 1357 893 
1115 510 1136 513 
1116 332 583 333 
1117 778 1313 632 
1118 583 1173 1163 
1119 540 1177 541 
1120 940 1096 943 
1121 540 1364 1177 
1122 321 324 323 
1123 1107 1186 915 
1124 545 1161 548 
1125 826 1147 814 
1126 884 1160 886 
1127 335 1163 338 
1128 338 1162 340 
1129 406 409 408 
1130 417 1321 1158 
1131 378 380 379 
1132 1097 1103 1099 
1133 673 1125 380 
1134 548 561 549 
1135 489 492 491 
1136 886 1079 1078 
1137 1139 1178 668 
1138 364 370 369 
1139 447 451 450 
1140 495 1126 503 
1141 915 917 914 
1142 325 1164 327 
1143 535 540 537 
1144 410 413 412 
1145 390 1143 598 
1146 327 330 329 
1147 452 457 454 
1148 541 544 543 
1149 421 423 422 
1150 765 766 764 
1151 346 1138 605 
1152 689 901 900 
1153 371 374 373 
1154 836 837 834 
1155 338 340 339 
1156 417 1158 418 
1157 409 1386 1172 
1158 495 503 502 
1159 414 417 416 
1160 597 1117 687 
1161 545 548 547 
1162 544 1322 1161 
1163 755 772 697 
1164 767 863 766 
1165 913 914 911 
1166 842 843 841 
1167 311 1179 315 
1168 384 386 385 
1169 375 378 377 
1170 775 781 773 
1171 340 342 341 
1172 620 1114 684 
1173 458 461 460 
1174 469 1137 580 
1175 594 1190 628 
1176 858 1111 671 
1177 513 1136 602 
1178 780 1307 707 
1179 763 764 753 
1180 330 1170 332 
1181 513 515 514 
1182 609 682 680 
1183 844 861 843 
1184 374 1166 375 
1185 427 429 428 
1186 469 471 470 
1187 700 848 847 
1188 683 1185 1138 
1189 506 509 508 
1190 418 421 420 
1191 544 1161 545 
1192 500 1156 404 
1193 840 841 838 
1194 666 667 664 
1195 2 274 224 
1196 220 272 219 
1197 82 273 81 
1198 214 270 213 
1199 88 271 87 
1200 208 268 207 
1201 94 269 93 
1202 100 266 99 
1203 202 267 201 
1204 669 1113 586 
1205 196 264 195 
1206 106 265 105 
1207 112 262 111 
1208 190 263 189 
1209 184 260 183 
1210 118 261 117 
1211 178 259 177 
1212 124 258 123 
1213 130 257 129 
1214 172 256 171 
1215 166 254 165 
1216 136 255 135 
1217 142 253 141 
1218 160 252 159 
1219 154 250 153 
1220 148 251 147 
1221 515 517 516 
1222 335 338 337 
1223 20 1548 21 
1224 462 465 464 
1225 568 1121 533 
1226 591 672 633 
1227 892 893 797 
1228 374 1323 1166 
1229 370 1367 1145 
1230 686 1184 1143 
1231 991 994 993 
1232 555 1159 362 
1233 1096 1097 943 
1234 510 513 512 
1235 573 676 674 
1236 471 473 472 
1237 381 384 383 
1238 517 519 518 
1239 346 348 347 
1240 985 987 986 
1241 551 618 578 
1242 429 431 430 
1243 223 299 222 
1244 1026 1027 1023 
1245 473 475 474 
1246 921 923 922 
1247 466 469 468 
1248 424 1176 427 
1249 424 427 426 
1250 79 276 78 
1251 85 275 84 
1252 217 277 216 
1253 91 279 90 
1254 211 278 210 
1255 205 280 204 
1256 97 281 96 
1257 199 282 198 
1258 103 283 102 
1259 109 284 108 
1260 193 287 192 
1261 115 285 114 
1262 187 286 186 
1263 121 288 120 
1264 181 289 180 
1265 175 290 174 
1266 127 291 126 
1267 133 294 132 
1268 169 295 168 
1269 139 292 138 
1270 163 293 162 
1271 145 297 144 
1272 157 296 156 
1273 151 298 150 
1274 1079 1080 1078 
1275 682 748 747 
1276 409 410 408 
1277 431 433 432 
1278 366 1194 613 
1279 923 925 924 
1280 390 392 391 
1281 324 325 323 
1282 672 740 739 
1283 404 1156 406 
1284 358 1192 360 
1285 370 371 369 
1286 628 1190 656 
1287 348 350 349 
1288 729 1224 776 
1289 400 1195 402 
1290 867 869 868 
1291 809 810 808 
1292 519 521 520 
1293 627 662 660 
1294 451 452 450 
1295 475 477 476 
1296 492 493 491 
1297 392 394 393 
1298 503 1126 768 
1299 925 927 926 
1300 650 778 632 
1301 869 871 870 
1302 343 346 345 
1303 433 435 434 
1304 362 1159 364 
1305 1236 1238 1237 
1306 413 414 412 
1307 740 911 910 
1308 387 390 389 
1309 656 921 920 
1310 748 834 833 
1311 521 523 522 
1312 807 808 779 
1313 1388 1398 1246 
1314 533 1121 535 
1315 676 678 677 
1316 811 812 810 
1317 737 761 635 
1318 330 331 329 
1319 350 352 351 
1320 1205 1207 1206 
1321 365 1331 1299 
1322 927 929 928 
1323 477 479 478 
1324 720 867 866 
1325 503 504 502 
1326 332 333 331 
1327 394 396 395 
1328 374 375 373 
1329 710 780 707 
1330 457 458 454 
1331 755 773 772 
1332 871 873 872 
1333 505 506 504 
1334 497 1314 1306 
1335 1046 1047 1045 
1336 813 814 812 
1337 338 1163 1162 
1338 626 742 561 
1339 523 525 524 
1340 929 931 930 
1341 540 541 537 
1342 960 1109 959 
1343 729 776 732 
1344 435 437 436 
1345 678 753 752 
1346 662 1167 895 
1347 479 481 480 
1348 815 816 814 
1349 1238 1240 1239 
1350 873 875 874 
1351 352 354 353 
1352 1233 1236 1235 
1353 544 545 543 
1354 417 418 416 
1355 775 782 781 
1356 1281 1315 718 
1357 1326 1344 553 
1358 437 439 438 
1359 777 1205 1204 
1360 848 849 847 
1361 773 1197 772 
1362 875 877 876 
1363 315 1179 1148 
1364 396 398 397 
1365 1207 1209 1208 
1366 681 1119 679 
1367 931 933 932 
1368 549 1168 551 
1369 665 854 853 
1370 380 381 379 
1371 817 818 816 
1372 461 462 460 
1373 548 549 547 
1374 378 379 377 
1375 836 838 837 
1376 656 1190 921 
1377 1240 1242 1241 
1378 398 400 399 
1379 1242 1244 1243 
1380 439 441 440 
1381 613 1194 646 
1382 913 915 914 
1383 354 356 355 
1384 877 879 878 
1385 933 935 934 
1386 1209 1211 1210 
1387 525 527 526 
1388 509 510 508 
1389 892 894 893 
1390 400 402 401 
1391 819 820 818 
1392 670 788 787 
1393 356 358 357 
1394 1211 1213 1212 
1395 757 759 758 
1396 423 424 422 
1397 421 422 420 
1398 646 757 756 
1399 1025 1032 1029 
1400 465 466 464 
1401 935 938 937 
1402 1244 1247 1245 
1403 338 339 337 
1404 879 882 881 
1405 481 483 482 
1406 763 765 764 
1407 800 801 685 
1408 1030 1031 1027 
1409 423 1176 424 
1410 358 360 359 
1411 1001 1002 1000 
1412 315 317 316 
1413 898 899 688 
1414 1213 1215 1214 
1415 527 529 528 
1416 340 341 339 
1417 618 643 578 
1418 317 319 318 
1419 765 767 766 
1420 840 842 841 
1421 938 940 939 
1422 306 623 309 
1423 915 918 917 
1424 483 485 484 
1425 980 981 979 
1426 821 822 820 
1427 386 387 385 
1428 319 321 320 
1429 513 514 512 
1430 441 443 442 
1431 882 884 883 
1432 384 385 383 
1433 342 343 341 
1434 529 531 530 
1435 999 1000 997 
1436 485 487 486 
1437 469 470 468 
1438 456 1315 1281 
1439 971 972 969 
1440 531 533 532 
1441 427 428 426 
1442 1306 1314 715 
1443 940 943 942 
1444 978 979 976 
1445 311 315 314 
1446 842 844 843 
1447 1055 1445 745 
1448 402 404 403 
1449 1034 1035 1031 
1450 515 516 514 
1451 767 864 863 
1452 487 489 488 
1453 307 636 304 
1454 1083 1084 1014 
1455 1180 1181 286 
1456 443 445 444 
1457 554 1347 1151 
1458 650 779 778 
1459 471 472 470 
1460 923 924 922 
1461 429 430 428 
1462 517 518 516 
1463 360 362 361 
1464 921 922 920 
1465 556 1372 1356 
1466 884 886 885 
1467 844 862 861 
1468 616 802 615 
1469 1097 1099 1098 
1470 445 447 446 
1471 1013 1014 1010 
1472 404 406 405 
1473 321 323 322 
1474 614 615 367 
1475 346 347 345 
1476 641 741 636 
1477 473 474 472 
1478 921 1327 923 
1479 982 983 981 
1480 775 1191 782 
1481 886 1078 1077 
1482 867 868 866 
1483 802 1376 615 
1484 348 349 347 
1485 807 809 808 
1486 431 432 430 
1487 362 364 363 
1488 925 926 924 
1489 360 1192 555 
1490 1099 1101 1100 
1491 1036 1037 1035 
1492 519 520 518 
1493 533 535 534 
1494 851 1187 951 
1495 489 491 490 
1496 390 391 389 
1497 869 870 868 
1498 475 476 474 
1499 586 1164 325 
1500 984 985 983 
1501 406 408 407 
1502 554 1327 1279 
1503 392 393 391 
1504 402 1195 500 
1505 720 1315 867 
1506 776 777 732 
1507 325 327 326 
1508 805 830 803 
1509 433 434 432 
1510 1236 1237 1235 
1511 809 811 810 
1512 1091 1092 831 
1513 1299 1331 776 
1514 1008 1010 1009 
1515 447 450 449 
1516 1187 1392 1188 
1517 410 412 411 
1518 927 928 926 
1519 664 1169 570 
1520 521 522 520 
1521 452 454 453 
1522 364 369 368 
1523 350 351 349 
1524 1205 1206 1204 
1525 871 872 870 
1526 690 692 691 
1527 646 1194 757 
1528 647 695 608 
1529 493 495 494 
1530 371 373 372 
1531 781 1197 773 
1532 696 697 695 
1533 477 478 476 
1534 1238 1239 1237 
1535 394 395 393 
1536 811 813 812 
1537 619 690 657 
1538 644 701 604 
1539 774 775 773 
1540 929 930 928 
1541 702 733 701 
1542 435 436 434 
1543 754 755 697 
1544 1207 1208 1206 
1545 849 851 850 
1546 327 329 328 
1547 523 524 522 
1548 873 874 872 
1549 535 537 536 
1550 813 815 814 
1551 931 932 930 
1552 352 353 351 
1553 621 693 658 
1554 734 735 733 
1555 479 480 478 
1556 815 817 816 
1557 1359 1374 1221 
1558 953 954 735 
1559 698 700 699 
1560 396 397 395 
1561 875 876 874 
1562 700 847 846 
1563 541 543 542 
1564 587 698 640 
1565 437 438 436 
1566 414 416 415 
1567 1240 1241 1239 
1568 933 934 932 
1569 704 785 703 
1570 851 951 950 
1571 877 878 876 
1572 495 502 501 
1573 545 547 546 
1574 1279 1327 1190 
1575 525 526 524 
1576 817 819 818 
1577 749 751 713 
1578 1209 1210 1208 
1579 439 440 438 
1580 354 355 353 
1581 639 703 581 
1582 398 399 397 
1583 1242 1243 1241 
1584 458 460 459 
1585 375 377 376 
1586 333 335 334 
1587 456 1338 1146 
1588 481 482 480 
1589 757 758 756 
1590 835 836 834 
1591 796 797 751 
1592 1244 1245 1243 
1593 879 881 878 
1594 935 937 934 
1595 418 420 419 
1596 648 783 617 
1597 400 401 399 
1598 561 1168 549 
1599 1187 1188 951 
1600 635 1173 583 
1601 994 1056 993 
1602 1211 1212 1210 
1603 356 357 355 
1604 1213 1214 1212 
1605 506 508 507 
1606 819 821 820 
1607 845 892 797 
1608 912 913 911 
1609 1247 1248 1245 
1610 1026 1030 1027 
1611 1032 1033 1029 
1612 549 551 550 
1613 938 939 937 
1614 358 359 357 
1615 782 1198 781 
1616 759 760 758 
1617 638 1225 610 
1618 462 464 463 
1619 441 442 440 
1620 654 906 905 
1621 1097 1098 943 
1622 882 883 881 
1623 527 528 526 
1624 1215 1217 1214 
1625 762 763 753 
1626 317 318 316 
1627 315 316 314 
1628 402 403 401 
1629 381 383 382 
1630 630 654 653 
1631 335 337 336 
1632 483 484 482 
1633 510 512 511 
1634 319 320 318 
1635 1080 1081 1078 
1636 466 468 467 
1637 839 840 838 
1638 529 530 528 
1639 690 1330 692 
1640 940 942 939 
1641 848 1223 849 
1642 485 486 484 
1643 551 578 577 
1644 821 823 822 
1645 424 426 425 
1646 1233 1329 1236 
1647 360 361 359 
1648 712 715 714 
1649 531 532 530 
1650 321 322 320 
1651 999 1001 1000 
1652 884 885 883 
1653 533 534 532 
1654 410 411 408 
1655 487 488 486 
1656 778 1344 1326 
1657 978 980 979 
1658 659 661 638 
1659 1030 1034 1031 
1660 371 372 369 
1661 452 453 450 
1662 443 444 442 
1663 616 803 802 
1664 614 616 615 
1665 489 490 488 
1666 1113 1164 586 
1667 325 326 323 
1668 805 831 830 
1669 688 1184 686 
1670 1099 1100 1098 
1671 806 807 779 
1672 445 446 444 
1673 565 718 717 
1674 404 405 403 
1675 75 249 76 
1676 3 248 4 
1677 72 246 73 
1678 6 247 7 
1679 69 244 70 
1680 9 245 10 
1681 12 243 13 
1682 66 242 67 
1683 63 241 64 
1684 15 240 16 
1685 60 238 61 
1686 18 239 19 
1687 57 236 58 
1688 21 237 22 
1689 54 234 55 
1690 24 235 25 
1691 27 232 28 
1692 51 233 52 
1693 48 230 49 
1694 30 231 31 
1695 33 229 34 
1696 45 228 46 
1697 36 226 37 
1698 42 227 43 
1699 39 225 40 
1700 697 1335 695 
1701 886 1077 885 
1702 631 632 571 
1703 649 650 632 
1704 634 652 651 
1705 1118 1377 1368 
1706 637 726 612 
1707 343 345 344 
1708 661 1225 638 
1709 1013 1083 1014 
1710 1397 1401 1216 
1711 849 850 847 
1712 406 407 405 
1713 387 389 388 
1714 447 449 446 
1715 656 920 896 
1716 590 1227 634 
1717 755 774 773 
1718 718 720 719 
1719 980 982 981 
1720 685 1185 683 
1721 493 494 491 
1722 828 1191 775 
1723 307 641 636 
1724 667 1169 664 
1725 362 363 361 
1726 1 964 3 
1727 628 656 655 
1728 720 866 865 
1729 590 1277 1227 
1730 31 1052 32 
1731 11 1067 12 
1732 414 415 412 
1733 68 966 69 
1734 14 1068 15 
1735 715 1270 1269 
1736 23 1066 24 
1737 29 1018 30 
1738 49 1086 50 
1739 32 1021 33 
1740 44 1040 45 
1741 76 1053 1 
1742 364 368 363 
1743 74 300 75 
1744 73 1054 74 
1745 28 1072 29 
1746 43 1051 44 
1747 62 989 63 
1748 61 1070 62 
1749 1034 1036 1035 
1750 1083 1085 1084 
1751 50 1089 51 
1752 706 707 576 
1753 559 729 728 
1754 619 1257 690 
1755 690 691 657 
1756 375 376 373 
1757 692 786 691 
1758 954 1228 735 
1759 458 459 454 
1760 709 710 707 
1761 733 1231 701 
1762 777 1204 1203 
1763 644 702 701 
1764 647 696 695 
1765 594 1279 1190 
1766 722 725 724 
1767 729 732 731 
1768 593 1232 722 
1769 418 419 416 
1770 541 542 537 
1771 327 328 326 
1772 506 507 504 
1773 535 536 534 
1774 1233 1235 1234 
1775 333 334 331 
1776 807 1200 809 
1777 851 950 850 
1778 545 546 543 
1779 303 305 304 
1780 696 754 697 
1781 982 984 983 
1782 693 694 658 
1783 549 550 547 
1784 702 734 733 
1785 954 1229 1228 
1786 495 501 494 
1787 565 1281 718 
1788 462 463 460 
1789 499 1387 1222 
1790 642 793 792 
1791 634 1227 652 
1792 734 953 735 
1793 984 1090 985 
1794 774 828 775 
1795 704 859 785 
1796 700 846 699 
1797 466 467 464 
1798 748 835 834 
1799 392 1346 394 
1800 698 699 640 
1801 329 566 328 
1802 303 306 305 
1803 698 1334 700 
1804 639 704 703 
1805 381 382 379 
1806 1147 1394 538 
1807 424 425 422 
1808 1229 1378 1228 
1809 1025 1028 1024 
1810 621 1258 693 
1811 740 912 911 
1812 695 1266 608 
1813 749 796 751 
1814 510 511 508 
1815 648 784 783 
1816 678 762 753 
1817 761 1173 635 
1818 245 967 10 
1819 243 974 13 
1820 365 1359 1221 
1821 543 1193 542 
1822 408 1257 407 
1823 339 497 337 
1824 502 582 501 
1825 226 1041 37 
1826 646 756 746 
1827 242 973 67 
1828 235 1003 25 
1829 613 646 645 
1830 239 1074 19 
1831 924 944 922 
1832 369 1258 368 
1833 754 1260 755 
1834 248 965 4 
1835 836 839 838 
1836 796 845 797 
1837 18 1060 239 
1838 240 1071 16 
1839 237 995 22 
1840 1188 1189 951 
1841 701 1276 604 
1842 343 344 341 
1843 1025 1029 1028 
1844 913 1107 915 
1845 650 806 779 
1846 312 313 310 
1847 412 1196 411 
1848 742 1168 561 
1849 537 1265 536 
1850 420 558 419 
1851 868 891 866 
1852 377 579 376 
1853 654 905 653 
1854 551 577 550 
1855 1283 1329 1232 
1856 335 336 334 
1857 763 1108 765 
1858 954 1230 1229 
1859 722 1232 725 
1860 387 388 385 
1861 516 552 514 
1862 1237 1251 1235 
1863 578 625 577 
1864 305 307 304 
1865 789 856 731 
1866 366 367 313 
1867 472 554 470 
1868 840 1095 842 
1869 347 1224 345 
1870 1206 1218 1204 
1871 430 456 428 
1872 577 601 550 
1873 593 1283 1232 
1874 777 1203 732 
1875 306 309 308 
1876 587 1265 698 
1877 613 614 367 
1878 777 1331 1205 
1879 309 311 310 
1880 746 829 645 
1881 659 961 661 
1882 865 890 719 
1883 1057 1058 823 
1884 594 608 467 
1885 520 539 518 
1886 811 824 813 
1887 460 1199 459 
1888 311 314 312 
1889 896 1120 655 
1890 724 794 723 
1891 847 1264 846 
1892 383 574 382 
1893 832 1091 831 
1894 801 1185 685 
1895 874 880 872 
1896 804 805 803 
1897 654 1353 906 
1898 975 988 977 
1899 709 904 903 
1900 393 563 391 
1901 930 945 928 
1902 948 949 651 
1903 1158 1321 682 
1904 512 590 511 
1905 468 594 467 
1906 817 825 819 
1907 1241 1249 1239 
1908 850 1264 847 
1909 950 952 850 
1910 652 948 651 
1911 649 1202 1201 
1912 546 1193 543 
1913 590 604 511 
1914 934 946 932 
1915 426 565 425 
1916 351 365 349 
1917 1210 1220 1208 
1918 1248 1250 1245 
1919 722 723 721 
1920 881 889 878 
1921 1232 1233 725 
1922 593 721 388 
1923 767 1094 864 
1924 785 1339 703 
1925 718 719 717 
1926 806 827 807 
1927 905 907 653 
1928 436 448 434 
1929 734 955 953 
1930 628 647 608 
1931 326 1280 323 
1932 559 727 344 
1933 558 581 419 
1934 821 1057 823 
1935 631 649 632 
1936 656 896 655 
1937 478 496 476 
1938 805 832 831 
1939 899 1184 688 
1940 616 804 803 
1941 649 1201 650 
1942 634 644 604 
1943 397 556 395 
1944 579 617 376 
1945 704 860 859 
1946 720 865 719 
1947 1118 1368 553 
1948 464 1266 463 
1949 844 1093 862 
1950 1217 1219 1214 
1951 942 947 939 
1952 411 1257 408 
1953 574 770 382 
1954 846 852 699 
1955 372 1258 369 
1956 323 1280 322 
1957 717 736 716 
1958 659 1087 961 
1959 565 716 425 
1960 757 1349 759 
1961 728 730 727 
1962 703 1278 581 
1963 1100 1102 1098 
1964 1077 1082 885 
1965 407 619 612 
1966 345 559 344 
1967 786 1063 1062 
1968 501 606 494 
1969 696 902 754 
1970 786 1062 691 
1971 1225 1320 610 
1972 415 1196 412 
1973 355 499 353 
1974 526 538 524 
1975 755 1260 774 
1976 508 1276 507 
1977 705 708 706 
1978 1235 1254 1234 
1979 313 1361 1355 
1980 970 971 969 
1981 729 731 728 
1982 368 621 610 
1983 389 593 388 
1984 587 640 631 
1985 998 999 997 
1986 407 612 405 
1987 403 567 401 
1988 732 789 731 
1989 706 709 707 
1990 1161 1322 672 
1991 442 455 440 
1992 1166 1323 676 
1993 968 969 967 
1994 368 610 363 
1995 373 1282 372 
1996 619 657 637 
1997 563 1329 1283 
1998 416 1278 415 
1999 630 648 617 
2000 975 976 974 
2001 361 557 359 
2002 316 560 314 
2003 714 749 713 
2004 709 903 710 
2005 488 562 486 
2006 902 1065 754 
2007 322 705 576 
2008 446 564 444 
2009 336 711 334 
2010 977 978 976 
2011 328 569 326 
2012 530 553 528 
2013 624 639 581 
2014 482 498 480 
2015 621 658 638 
2016 642 1324 793 
2017 783 1282 617 
2018 996 997 995 
2019 536 587 571 
2020 322 576 320 
2021 1012 1013 1010 
2022 1204 1226 1203 
2023 542 1265 537 
2024 712 713 711 
2025 808 1344 779 
2026 536 571 534 
2027 579 630 617 
2028 337 1306 336 
2029 463 1199 460 
2030 804 1256 805 
2031 789 897 856 
2032 558 624 581 
2033 714 750 749 
2034 630 653 648 
2035 1233 1234 725 
2036 781 1375 1197 
2037 724 795 794 
2038 1008 1012 1010 
2039 827 1200 807 
2040 590 634 604 
2041 419 1278 416 
2042 756 857 746 
2043 634 651 644 
2044 594 628 608 
2045 624 738 639 
2046 715 1269 714 
2047 712 714 713 
2048 559 1224 729 
2049 870 1262 868 
2050 565 717 716 
2051 628 655 647 
2052 722 724 723 
2053 587 631 571 
2054 376 1282 373 
2055 467 1266 464 
2056 646 746 645 
2057 1224 1299 776 
2058 559 728 727 
2059 621 638 610 
2060 336 712 711 
2061 657 743 637 
2062 619 637 612 
2063 658 659 638 
2064 778 1326 1313 
2065 726 1318 612 
2066 312 366 313 
2067 593 722 721 
2068 642 791 641 
2069 311 312 310 
2070 309 310 308 
2071 366 613 367 
2072 574 771 770 
2073 705 706 576 
2074 613 645 614 
2075 1271 1272 750 
2076 826 1407 1400 
2077 306 308 305 
2078 650 1201 806 
2079 307 642 641 
2080 511 1276 508 
2081 329 1259 566 
2082 331 1259 329 
2083 1251 1254 1235 
2084 712 1306 715 
2085 699 1288 640 
2086 407 1257 619 
2087 239 1075 1074 
2088 732 1203 789 
2089 560 1349 1317 
2090 243 975 974 
2091 242 1061 973 
2092 345 1224 559 
2093 368 1258 621 
2094 245 968 967 
2095 637 1289 726 
2096 1218 1226 1204 
2097 379 1261 377 
2098 248 1165 965 
2099 237 996 995 
2100 422 1263 420 
2101 952 1264 850 
2102 975 977 976 
2103 968 970 969 
2104 642 792 791 
2105 996 998 997 
2106 715 1314 1270 
2107 536 1265 587 
2108 377 1261 579 
2109 780 1328 1307 
2110 1065 1260 754 
2111 614 1287 616 
2112 569 1280 326 
2113 813 1284 815 
2114 497 1306 337 
2115 805 1256 832 
2116 420 1263 558 
2117 470 1279 468 
2118 928 1296 926 
2119 385 1274 383 
2120 718 1315 720 
2121 682 1321 748 
2122 514 1277 512 
2123 428 1281 426 
2124 1261 1336 579 
2125 341 1275 339 
2126 815 1294 817 
2127 876 1291 874 
2128 391 1283 389 
2129 871 1363 873 
2130 1303 1304 736 
2131 872 1298 870 
2132 809 1297 811 
2133 797 1357 751 
2134 608 1266 467 
2135 672 1322 740 
2136 632 1313 571 
2137 320 1307 318 
2138 581 1278 419 
2139 534 1313 532 
2140 617 1282 376 
2141 937 1301 934 
2142 383 1274 574 
2143 512 1277 590 
2144 349 1299 347 
2145 334 1259 331 
2146 708 1309 1308 
2147 1311 1312 730 
2148 676 1323 678 
2149 644 1267 702 
2150 868 1262 891 
2151 707 1307 576 
2152 468 1279 594 
2153 604 1276 511 
2154 647 1268 696 
2155 426 1281 565 
2156 842 1302 844 
2157 765 1300 767 
2158 336 1306 712 
2159 382 1261 379 
2160 691 1273 657 
2161 389 1283 593 
2162 1212 1305 1210 
2163 425 1263 422 
2164 322 1280 705 
2165 1263 1337 558 
2166 714 1269 750 
2167 829 1287 645 
2168 1175 1362 835 
2169 630 1336 654 
2170 751 1342 713 
2171 1200 1297 809 
2172 852 1288 699 
2173 645 1287 614 
2174 639 1285 704 
2175 648 1286 784 
2176 339 1275 497 
2177 949 1267 651 
2178 1120 1268 655 
2179 651 1267 644 
2180 927 1370 929 
2181 655 1268 647 
2182 344 1275 341 
2183 554 1279 470 
2184 552 1277 514 
2185 717 1303 736 
2186 388 1274 385 
2187 456 1281 428 
2188 907 1286 653 
2189 657 1273 743 
2190 1269 1271 750 
2191 824 1284 813 
2192 653 1286 648 
2193 1177 1364 912 
2194 748 1321 835 
2195 743 1289 637 
2196 616 1287 804 
2197 945 1296 928 
2198 874 1291 880 
2199 347 1299 1224 
2200 738 1285 639 
2201 817 1294 825 
2202 728 1311 730 
2203 563 1283 391 
2204 366 1317 1194 
2205 894 1325 893 
2206 811 1297 824 
2207 880 1298 872 
2208 601 1380 1369 
2209 856 1311 731 
2210 708 1308 706 
2211 1356 1372 1252 
2212 890 1303 719 
2213 934 1301 946 
2214 716 1263 425 
2215 640 1310 631 
2216 785 1373 1339 
2217 696 1268 902 
2218 1291 1292 880 
2219 560 1317 314 
2220 719 1303 717 
2221 532 1326 530 
2222 743 1290 1289 
2223 365 1299 349 
2224 1108 1300 765 
2225 770 1261 382 
2226 1294 1295 825 
2227 740 1322 912 
2228 721 1274 388 
2229 704 1285 860 
2230 314 1317 312 
2231 727 1275 344 
2232 709 1308 904 
2233 1259 1342 566 
2234 1062 1273 691 
2235 1274 1341 574 
2236 1210 1305 1220 
2237 1095 1302 842 
2238 649 1310 1202 
2239 405 1318 403 
2240 870 1298 1262 
2241 576 1307 320 
2242 571 1313 534 
2243 711 1259 334 
2244 702 1316 734 
2245 1238 1372 1240 
2246 731 1311 728 
2247 1288 1310 640 
2248 631 1310 649 
2249 363 1320 361 
2250 767 1300 1094 
2251 706 1308 709 
2252 770 1336 1261 
2253 844 1302 1093 
2254 1207 1374 1209 
2255 734 1316 955 
2256 1015 1579 1017 
2257 678 1323 762 
2258 566 1319 328 
2259 318 1328 316 
2260 1317 1349 1194 
2261 1284 1294 815 
2262 1343 1366 582 
2263 612 1318 405 
2264 1145 1367 762 
2265 610 1320 363 
2266 502 1343 582 
2267 403 1318 567 
2268 530 1326 553 
2269 615 1361 367 
2270 328 1319 569 
2271 361 1320 557 
2272 312 1317 366 
2273 1112 1415 539 
2274 716 1337 1263 
2275 316 1328 560 
2276 1231 1343 507 
2277 563 1356 1252 
2278 1190 1327 921 
2279 812 1377 810 
2280 507 1343 504 
2281 735 1366 733 
2282 411 1330 1257 
2283 1267 1316 702 
2284 1355 1361 793 
2285 1313 1326 532 
2286 307 1324 642 
2287 430 1338 456 
2288 542 1334 1265 
2289 1232 1329 1233 
2290 721 1341 1274 
2291 1307 1328 318 
2292 305 1324 307 
2293 1266 1335 463 
2294 1196 1330 411 
2295 776 1331 777 
2296 556 1388 1253 
2297 1112 1419 1415 
2298 432 1338 430 
2299 711 1342 1259 
2300 1270 1332 1269 
2301 1193 1334 542 
2302 1257 1330 690 
2303 1278 1339 415 
2304 1282 1340 372 
2305 472 1347 554 
2306 308 1324 305 
2307 695 1335 1266 
2308 1265 1334 698 
2309 463 1335 1199 
2310 1398 1403 1246 
2311 835 1362 836 
2312 579 1336 630 
2313 394 1346 572 
2314 504 1343 502 
2315 723 1350 1341 
2316 1287 1345 804 
2317 415 1339 1196 
2318 558 1337 624 
2319 912 1364 913 
2320 547 1369 546 
2321 723 1341 721 
2322 829 1345 1287 
2323 762 1367 763 
2324 448 1352 434 
2325 546 1369 1223 
2326 1341 1350 771 
2327 372 1340 1258 
2328 703 1339 1278 
2329 736 1337 716 
2330 313 1355 310 
2331 783 1340 1282 
2332 779 1344 778 
2333 393 1356 563 
2334 713 1342 711 
2335 556 1356 395 
2336 474 1347 472 
2337 1269 1332 1271 
2338 574 1341 771 
2339 351 1359 365 
2340 499 1359 353 
2341 496 1360 476 
2342 931 1390 933 
2343 730 1365 727 
2344 1258 1340 693 
2345 1324 1355 793 
2346 1172 1386 839 
2347 849 1380 851 
2348 804 1345 1256 
2349 1197 1375 459 
2350 1231 1366 1343 
2351 229 1348 34 
2352 794 1351 1350 
2353 601 1369 550 
2354 526 1368 538 
2355 553 1368 528 
2356 730 1382 1365 
2357 459 1375 454 
2358 434 1352 432 
2359 785 1391 1373 
2360 432 1352 1338 
2361 751 1357 1342 
2362 1337 1354 624 
2363 783 1371 1340 
2364 1369 1380 1223 
2365 1194 1349 757 
2366 1340 1371 693 
2367 877 1396 879 
2368 736 1354 1337 
2369 794 1350 723 
2370 308 1355 1324 
2371 395 1356 393 
2372 643 1511 1494 
2373 353 1359 351 
2374 476 1360 474 
2375 1304 1354 736 
2376 1393 1404 708 
2377 771 1353 770 
2378 1342 1357 566 
2379 1228 1378 582 
2380 474 1360 1347 
2381 582 1378 501 
2382 436 1379 448 
2383 1336 1353 654 
2384 310 1355 308 
2385 624 1354 738 
2386 839 1386 840 
2387 887 1363 871 
2388 280 1592 1271 
2389 793 1376 792 
2390 478 1381 496 
2391 498 1381 480 
2392 1339 1373 1196 
2393 770 1353 1336 
2394 367 1361 313 
2395 601 1392 1187 
2396 836 1362 839 
2397 1275 1365 497 
2398 1311 1358 1312 
2399 528 1368 526 
2400 566 1357 1319 
2401 1213 1401 1215 
2402 936 1370 927 
2403 497 1365 1314 
2404 913 1364 1107 
2405 1330 1373 692 
2406 397 1388 556 
2407 1244 1403 1247 
2408 355 1387 499 
2409 693 1371 694 
2410 763 1367 1108 
2411 727 1365 1275 
2412 1373 1391 692 
2413 455 1389 440 
2414 1349 1384 759 
2415 1252 1372 1238 
2416 550 1369 547 
2417 577 1392 601 
2418 1221 1374 1207 
2419 705 1393 708 
2420 856 1358 1311 
2421 1365 1382 1314 
2422 1353 1383 906 
2423 818 1407 816 
2424 733 1366 1231 
2425 538 1394 524 
2426 784 1371 783 
2427 882 1408 884 
2428 557 1397 359 
2429 938 1410 940 
2430 567 1398 401 
2431 810 1377 1118 
2432 454 1375 453 
2433 615 1376 1361 
2434 482 1399 498 
2435 1361 1376 793 
2436 520 1400 539 
2437 1351 1383 1350 
2438 1196 1373 1330 
2439 438 1379 436 
2440 1312 1382 730 
2441 501 1378 606 
2442 569 1393 1280 
2443 564 1402 444 
2444 480 1381 478 
2445 442 1402 455 
2446 1325 1393 569 
2447 1045 1431 1044 
2448 1427 1440 1217 
2449 1328 1384 560 
2450 562 1405 486 
2451 1223 1380 849 
2452 1332 1446 1333 
2453 692 1391 786 
2454 1384 1406 759 
2455 357 1387 355 
2456 759 1406 760 
2457 399 1388 397 
2458 822 1419 820 
2459 1110 1390 931 
2460 438 1389 1379 
2461 1024 1385 1026 
2462 840 1386 1095 
2463 440 1389 438 
2464 780 1384 1328 
2465 1314 1382 1270 
2466 771 1383 1353 
2467 1325 1404 1393 
2468 859 1391 785 
2469 516 1415 552 
2470 1028 1385 1024 
2471 539 1415 518 
2472 625 1392 577 
2473 446 1417 564 
2474 524 1394 522 
2475 1406 1411 760 
2476 560 1384 1349 
2477 1350 1383 771 
2478 623 1445 1150 
2479 488 1418 562 
2480 888 1396 877 
2481 491 1420 490 
2482 357 1397 1387 
2483 450 1422 449 
2484 1099 1424 1101 
2485 399 1398 1388 
2486 780 1406 1384 
2487 1280 1393 705 
2488 359 1397 357 
2489 401 1398 399 
2490 1318 1409 567 
2491 1554 1576 253 
2492 1472 1473 86 
2493 606 1420 494 
2494 708 1404 1309 
2495 484 1399 482 
2496 1394 1400 522 
2497 522 1400 520 
2498 1216 1401 1213 
2499 1320 1416 557 
2500 760 1421 758 
2501 1411 1412 760 
2502 1246 1403 1244 
2503 1304 1395 1354 
2504 1316 1666 265 
2505 841 1428 838 
2506 1354 1395 738 
2507 444 1402 442 
2508 484 1405 1399 
2509 486 1405 484 
2510 816 1407 826 
2511 710 1406 780 
2512 1401 1416 1215 
2513 1106 1408 882 
2514 552 1423 1277 
2515 1403 1409 1247 
2516 894 1404 1325 
2517 941 1410 938 
2518 710 1411 1406 
2519 485 1434 592 
2520 59 1562 60 
2521 575 1434 483 
2522 726 1409 1318 
2523 862 1447 861 
2524 843 1435 841 
2525 903 1411 710 
2526 567 1409 1403 
2527 1100 1414 1102 
2528 518 1415 516 
2529 449 1417 446 
2530 1225 1416 1320 
2531 557 1416 1401 
2532 490 1418 488 
2533 1215 1427 1217 
2534 625 1513 1504 
2535 1247 1425 1248 
2536 820 1419 1112 
2537 1198 1422 453 
2538 726 1425 1409 
2539 1416 1427 1215 
2540 1409 1425 1247 
2541 1277 1423 1227 
2542 1198 1437 1422 
2543 494 1420 491 
2544 791 1501 1499 
2545 1077 1526 292 
2546 453 1422 450 
2547 822 1423 1419 
2548 791 1508 1501 
2549 1034 1549 1036 
2550 964 1607 248 
2551 992 1502 990 
2552 1573 1590 509 
2553 1225 1427 1416 
2554 1103 1424 1099 
2555 1552 1631 1058 
2556 1412 1421 760 
2557 1422 1437 1104 
2558 998 1534 999 
2559 1419 1423 552 
2560 863 1562 963 
2561 1290 1678 1487 
2562 1038 1668 595 
2563 1433 1439 1101 
2564 596 1668 1038 
2565 1424 1433 1101 
2566 1062 1593 293 
2567 745 1442 301 
2568 1459 1623 255 
2569 823 1432 822 
2570 1423 1432 1227 
2571 823 1436 1432 
2572 1289 1425 726 
2573 1132 1608 234 
2574 822 1432 1423 
2575 1058 1436 823 
2576 1487 1603 1290 
2577 306 1442 623 
2578 838 1428 837 
2579 661 1427 1225 
2580 1378 1433 606 
2581 1412 1617 1421 
2582 792 1508 791 
2583 681 1431 1119 
2584 1075 1639 1074 
2585 301 1442 303 
2586 973 1632 966 
2587 1104 1437 1080 
2588 1351 1429 1383 
2589 1229 1433 1378 
2590 179 1478 1477 
2591 1312 1462 1446 
2592 281 1450 96 
2593 1437 1438 1080 
2594 96 1450 95 
2595 1149 1454 788 
2596 1080 1438 1081 
2597 1404 1426 1309 
2598 1383 1429 906 
2599 54 1577 234 
2600 1229 1439 1433 
2601 1512 1688 1040 
2602 483 1434 485 
2603 1076 1448 800 
2604 908 1435 843 
2605 919 1451 914 
2606 1227 1432 652 
2607 1270 1446 1332 
2608 1458 1664 152 
2609 1432 1436 652 
2610 894 1426 1404 
2611 911 1451 910 
2612 606 1433 1424 
2613 652 1436 948 
2614 920 1641 291 
2615 825 1452 819 
2616 821 1452 1057 
2617 761 1488 1114 
2618 917 1532 919 
2619 661 1440 1427 
2620 235 1583 1003 
2621 148 1444 251 
2622 1071 1598 986 
2623 149 1444 148 
2624 1083 1522 461 
2625 6 1584 247 
2626 1129 1503 599 
2627 858 1543 1111 
2628 782 1437 1198 
2629 235 1674 1583 
2630 782 1438 1437 
2631 1191 1438 782 
2632 1312 1446 1382 
2633 1230 1439 1229 
2634 282 1595 1226 
2635 971 1550 972 
2636 1260 1461 774 
2637 47 1594 48 
2638 684 1488 799 
2639 1459 1662 1460 
2640 431 1489 433 
2641 961 1440 661 
2642 744 1492 626 
2643 1414 1616 1102 
2644 862 1503 1109 
2645 803 1494 802 
2646 1001 1441 1002 
2647 580 1498 471 
2648 473 1498 585 
2649 744 1505 1492 
2650 1128 1697 1165 
2651 1446 1462 1333 
2652 1351 1681 1429 
2653 303 1442 306 
2654 572 1491 1129 
2655 943 1500 942 
2656 1303 1496 1304 
2657 1102 1500 1098 
2658 742 1501 1168 
2659 1226 1564 282 
2660 1088 1443 1346 
2661 831 1504 830 
2662 1346 1443 572 
2663 1093 1503 862 
2664 226 1611 1456 
2665 1100 1495 1414 
2666 1414 1495 262 
2667 1065 1663 294 
2668 992 1542 1502 
2669 738 1506 1285 
2670 1064 1580 747 
2671 885 1507 883 
2672 1457 1458 890 
2673 1458 1496 890 
2674 1459 1460 1081 
2675 1150 1454 1149 
2676 1290 1510 1289 
2677 269 1455 93 
2678 1382 1446 1270 
2679 800 1448 801 
2680 93 1455 92 
2681 1033 1599 1084 
2682 1507 1576 883 
2683 914 1451 911 
2684 1297 1449 824 
2685 819 1452 821 
2686 55 1453 56 
2687 7 1637 8 
2688 834 1512 833 
2689 1041 1456 1048 
2690 1000 1674 1066 
2691 979 1675 1068 
2692 643 1513 578 
2693 35 1690 36 
2694 185 1620 1183 
2695 1037 1456 1035 
2696 660 1523 737 
2697 58 1633 59 
2698 786 1521 1063 
2699 57 1673 236 
2700 930 1520 945 
2701 946 1520 932 
2702 233 1671 52 
2703 950 1531 952 
2704 852 1473 1472 
2705 963 1527 766 
2706 1460 1526 1081 
2707 865 1457 890 
2708 641 1499 741 
2709 1078 1526 1077 
2710 1029 1553 1028 
2711 1439 1495 1101 
2712 1412 1651 1617 
2713 791 1499 641 
2714 1040 1688 228 
2715 966 1684 244 
2716 1087 1687 1582 
2717 431 1585 1489 
2718 1045 1535 1431 
2719 774 1461 828 
2720 461 1522 462 
2721 1438 1459 1081 
2722 859 1521 1391 
2723 1165 1697 965 
2724 1425 1510 1248 
2725 625 1524 1392 
2726 1448 1502 801 
2727 889 1493 1293 
2728 1358 1462 1312 
2729 741 1505 798 
2730 214 1466 270 
2731 88 1470 271 
2732 270 1468 213 
2733 255 1479 135 
2734 274 1464 224 
2735 208 1474 268 
2736 154 1482 250 
2737 271 1472 87 
2738 2 1465 274 
2739 178 1477 259 
2740 262 1475 111 
2741 252 1480 159 
2742 223 1464 299 
2743 163 1487 293 
2744 169 1486 295 
2745 277 1467 216 
2746 211 1469 278 
2747 103 1485 283 
2748 279 1471 90 
2749 296 1483 156 
2750 109 1476 284 
2751 157 1481 296 
2752 79 1484 276 
2753 72 1463 246 
2754 215 1466 214 
2755 89 1470 88 
2756 213 1468 212 
2757 135 1479 134 
2758 224 1464 223 
2759 155 1482 154 
2760 209 1474 208 
2761 87 1472 86 
2762 179 1477 178 
2763 77 1465 2 
2764 111 1475 110 
2765 159 1480 158 
2766 164 1487 163 
2767 170 1486 169 
2768 216 1467 215 
2769 104 1485 103 
2770 212 1469 211 
2771 90 1471 89 
2772 156 1483 155 
2773 110 1476 109 
2774 158 1481 157 
2775 80 1484 79 
2776 1445 1454 1150 
2777 222 1490 221 
2778 959 1491 1443 
2779 1140 1542 1142 
2780 1206 1538 1218 
2781 1474 1528 845 
2782 802 1511 1376 
2783 1220 1538 1208 
2784 1114 1488 684 
2785 1272 1539 750 
2786 749 1539 796 
2787 433 1489 607 
2788 667 1557 1115 
2789 299 1490 222 
2790 1055 1454 1445 
2791 1109 1491 959 
2792 147 1497 146 
2793 1090 1573 769 
2794 626 1492 742 
2795 599 1503 1093 
2796 1191 1459 1438 
2797 830 1494 803 
2798 1492 1505 741 
2799 1101 1495 1100 
2800 1431 1535 1119 
2801 1251 1635 256 
2802 437 1549 439 
2803 890 1496 1303 
2804 251 1497 147 
2805 1202 1569 1470 
2806 471 1498 473 
2807 127 1509 291 
2808 1255 1517 795 
2809 1134 1566 611 
2810 1098 1500 943 
2811 1376 1511 792 
2812 1286 1544 784 
2813 1155 1643 970 
2814 1144 1553 451 
2815 801 1502 1141 
2816 1168 1501 618 
2817 1116 1527 236 
2818 764 1527 1116 
2819 1479 1623 828 
2820 1165 1505 744 
2821 130 1514 257 
2822 1092 1504 831 
2823 1501 1508 618 
2824 942 1698 947 
2825 1443 1491 572 
2826 183 1516 182 
2827 1385 1659 596 
2828 1304 1596 1395 
2829 827 1559 1455 
2830 121 1518 288 
2831 1494 1513 643 
2832 1453 1673 56 
2833 924 1563 944 
2834 1296 1563 926 
2835 126 1519 125 
2836 435 1565 437 
2837 618 1508 643 
2838 1082 1507 885 
2839 1094 1566 864 
2840 1395 1506 738 
2841 917 1615 1532 
2842 1092 1529 1524 
2843 128 1509 127 
2844 191 1525 190 
2845 845 1665 1474 
2846 253 1576 1507 
2847 1202 1689 1201 
2848 278 1528 210 
2849 769 1573 505 
2850 857 1567 746 
2851 506 1573 509 
2852 181 1530 289 
2853 741 1499 1492 
2854 83 1531 82 
2855 1288 1569 1310 
2856 1091 1551 276 
2857 1489 1585 1047 
2858 860 1649 859 
2859 1182 1544 1183 
2860 116 1533 115 
2861 881 1576 889 
2862 747 1580 680 
2863 258 1536 123 
2864 99 1537 98 
2865 1289 1510 1425 
2866 215 1467 1466 
2867 1468 1469 212 
2868 89 1471 1470 
2869 155 1483 1482 
2870 1475 1476 110 
2871 1480 1481 158 
2872 1485 1560 949 
2873 600 1585 429 
2874 298 1540 150 
2875 288 1541 120 
2876 1309 1581 1308 
2877 1516 1530 182 
2878 1421 1591 758 
2879 953 1587 954 
2880 1066 1674 235 
2881 1068 1675 240 
2882 296 1506 1483 
2883 1504 1524 625 
2884 837 1512 834 
2885 196 1545 264 
2886 799 1606 909 
2887 756 1591 857 
2888 892 1555 894 
2889 578 1513 625 
2890 131 1514 130 
2891 201 1546 200 
2892 1557 1629 987 
2893 986 1598 983 
2894 462 1522 465 
2895 1142 1571 589 
2896 264 1547 195 
2897 272 1591 1421 
2898 260 1516 183 
2899 789 1595 897 
2900 1226 1595 1203 
2901 256 1650 1251 
2902 1514 1663 1065 
2903 1502 1542 1141 
2904 276 1551 78 
2905 796 1665 845 
2906 1090 1590 1573 
2907 122 1518 121 
2908 1031 1611 1039 
2909 100 1552 266 
2910 891 1610 866 
2911 1392 1524 1188 
2912 291 1519 126 
2913 1524 1529 1188 
2914 1492 1499 742 
2915 143 1554 142 
2916 932 1520 930 
2917 1219 1613 1214 
2918 1212 1613 1305 
2919 1542 1571 1142 
2920 1013 1522 1083 
2921 895 1523 660 
2922 947 1618 939 
2923 937 1618 1301 
2924 273 1558 81 
2925 970 1643 971 
2926 240 1598 1071 
2927 265 1560 105 
2928 91 1559 279 
2929 1249 1621 1486 
2930 228 1605 46 
2931 202 1561 267 
2932 1391 1521 786 
2933 190 1525 263 
2934 1014 1626 1010 
2935 1241 1621 1249 
2936 830 1513 1494 
2937 282 1564 198 
2938 766 1527 764 
2939 1081 1526 1078 
2940 792 1511 1508 
2941 1642 1691 1575 
2942 794 1628 1351 
2943 1060 1629 239 
2944 210 1528 209 
2945 1237 1635 1251 
2946 904 1581 1466 
2947 1249 1635 1239 
2948 1188 1529 1189 
2949 118 1570 261 
2950 1154 1643 1155 
2951 907 1530 1516 
2952 666 1639 667 
2953 193 1572 287 
2954 1556 1557 987 
2955 906 1597 905 
2956 182 1530 181 
2957 947 1698 1533 
2958 1254 1676 290 
2959 1490 1567 857 
2960 944 1641 922 
2961 82 1531 273 
2962 107 1574 106 
2963 1201 1640 806 
2964 209 1528 1474 
2965 846 1644 852 
2966 1217 1692 1219 
2967 889 1554 1493 
2968 1435 1605 228 
2969 975 1652 988 
2970 1621 1653 295 
2971 1250 1653 1245 
2972 443 1668 596 
2973 595 1668 441 
2974 951 1694 950 
2975 220 1578 272 
2976 9 1532 245 
2977 115 1533 285 
2978 575 1534 1434 
2979 263 1582 189 
2980 1047 1535 1045 
2981 1131 1608 1132 
2982 897 1679 856 
2983 743 1678 1290 
2984 1267 1666 1316 
2985 1119 1535 600 
2986 1111 1684 895 
2987 167 1586 166 
2988 1230 1630 1439 
2989 108 1588 107 
2990 1092 1524 1504 
2991 1486 1621 295 
2992 1571 1604 589 
2993 149 1540 1444 
2994 205 1592 280 
2995 286 1687 1087 
2996 1546 1648 200 
2997 293 1593 162 
2998 123 1536 122 
2999 228 1688 1428 
3000 266 1537 99 
3001 177 1600 176 
3002 1508 1511 643 
3003 254 1603 165 
3004 1411 1695 1412 
3005 1124 1655 622 
3006 1434 1534 1069 
3007 1208 1538 1206 
3008 124 1609 258 
3009 150 1540 149 
3010 750 1539 749 
3011 138 1612 137 
3012 120 1541 119 
3013 1456 1611 1035 
3014 1333 1667 280 
3015 272 1617 219 
3016 1141 1542 1140 
3017 285 1616 114 
3018 865 1610 1457 
3019 1120 1622 257 
3020 244 1543 70 
3021 1457 1610 298 
3022 77 1551 1465 
3023 286 1620 186 
3024 1181 1620 286 
3025 257 1622 129 
3026 1512 1660 833 
3027 133 1625 294 
3028 1493 1554 143 
3029 784 1544 1182 
3030 1063 1593 1062 
3031 256 1627 171 
3032 283 1631 102 
3033 1600 1628 795 
3034 1191 1623 1459 
3035 1421 1617 272 
3036 293 1678 1273 
3037 197 1545 196 
3038 80 1558 1484 
3039 1455 1559 92 
3040 104 1560 1485 
3041 1426 1661 1309 
3042 1519 1609 125 
3043 852 1644 1473 
3044 122 1536 1518 
3045 267 1546 201 
3046 1486 1627 1249 
3047 253 1645 141 
3048 199 1648 282 
3049 172 1650 256 
3050 217 1651 277 
3051 1073 1647 1012 
3052 234 1608 1453 
3053 275 1654 84 
3054 892 1685 1555 
3055 1466 1581 270 
3056 622 1655 1441 
3057 195 1547 194 
3058 287 1658 192 
3059 21 1548 237 
3060 294 1663 132 
3061 151 1664 298 
3062 137 1662 136 
3063 280 1667 204 
3064 261 1669 117 
3065 439 1549 595 
3066 299 1602 1567 
3067 1522 1589 465 
3068 187 1687 286 
3069 83 1654 1531 
3070 290 1676 174 
3071 168 1672 167 
3072 116 1669 1533 
3073 1271 1592 1272 
3074 589 1604 1134 
3075 276 1656 1091 
3076 1506 1657 1285 
3077 1490 1578 221 
3078 1250 1672 1653 
3079 1084 1568 1014 
3080 240 1675 1598 
3081 857 1578 1490 
3082 78 1551 77 
3083 596 1659 1144 
3084 1013 1589 1522 
3085 191 1658 1525 
3086 101 1552 100 
3087 1219 1692 1525 
3088 894 1555 1426 
3089 299 1567 1490 
3090 451 1553 1171 
3091 142 1554 253 
3092 1519 1641 944 
3093 918 1615 917 
3094 1016 1655 1579 
3095 944 1609 1519 
3096 273 1694 1558 
3097 1517 1600 795 
3098 897 1648 1546 
3099 164 1603 1487 
3100 1559 1640 279 
3101 1115 1556 769 
3102 294 1625 1461 
3103 1091 1656 1092 
3104 1523 1684 966 
3105 81 1558 80 
3106 1032 1599 1033 
3107 611 1566 1094 
3108 1583 1674 1002 
3109 92 1559 91 
3110 105 1560 104 
3111 1130 1619 575 
3112 203 1561 202 
3113 60 1562 238 
3114 926 1563 924 
3115 53 1671 1577 
3116 298 1664 1457 
3117 1479 1625 134 
3118 198 1564 197 
3119 1532 1615 245 
3120 170 1627 1486 
3121 1531 1654 952 
3122 1533 1669 947 
3123 607 1565 435 
3124 992 1571 1542 
3125 1457 1664 1458 
3126 509 1590 1136 
3127 1019 1568 1020 
3128 1546 1679 897 
3129 1016 1579 1015 
3130 1525 1658 1219 
3131 176 1600 1517 
3132 227 1660 1051 
3133 1051 1660 1512 
3134 746 1567 829 
3135 837 1688 1512 
3136 1507 1645 253 
3137 119 1570 118 
3138 1310 1569 1202 
3139 993 1571 992 
3140 1470 1569 271 
3141 194 1572 193 
3142 128 1622 1509 
3143 505 1573 506 
3144 197 1564 1545 
3145 46 1605 47 
3146 1541 1570 119 
3147 1288 1682 1569 
3148 1590 1601 1136 
3149 106 1574 265 
3150 296 1657 1506 
3151 1476 1587 284 
3152 1136 1601 602 
3153 1036 1691 1037 
3154 883 1576 881 
3155 53 1577 54 
3156 1547 1572 194 
3157 1469 1555 278 
3158 248 1607 1165 
3159 1611 1690 1039 
3160 1487 1678 293 
3161 221 1578 220 
3162 1003 1583 1011 
3163 1484 1656 276 
3164 680 1580 681 
3165 1601 1614 602 
3166 1555 1685 278 
3167 970 1677 1155 
3168 1308 1581 904 
3169 918 1677 1615 
3170 189 1582 188 
3171 465 1589 1137 
3172 1567 1602 829 
3173 602 1614 1122 
3174 5 1584 6 
3175 429 1585 431 
3176 1548 1646 237 
3177 993 1604 1571 
3178 166 1586 254 
3179 1460 1612 1526 
3180 1464 1602 299 
3181 954 1587 1230 
3182 1183 1620 1181 
3183 284 1588 108 
3184 131 1663 1514 
3185 832 1683 1465 
3186 907 1686 1286 
3187 1558 1694 1189 
3188 1012 1589 1013 
3189 984 1590 1090 
3190 919 1637 1451 
3191 1614 1624 1122 
3192 1075 1629 1557 
3193 758 1591 756 
3194 206 1592 205 
3195 1488 1606 799 
3196 1122 1624 588 
3197 1130 1693 1619 
3198 1496 1596 1304 
3199 162 1593 161 
3200 984 1601 1590 
3201 48 1594 230 
3202 790 1608 1131 
3203 262 1630 1475 
3204 1144 1659 1553 
3205 1309 1661 1581 
3206 1203 1595 789 
3207 1201 1689 1640 
3208 827 1640 1559 
3209 1589 1647 1137 
3210 1429 1597 906 
3211 1472 1682 852 
3212 983 1598 981 
3213 1489 1575 607 
3214 580 1647 1073 
3215 1624 1634 588 
3216 1495 1630 262 
3217 259 1600 177 
3218 982 1601 984 
3219 165 1603 164 
3220 829 1602 1345 
3221 1012 1647 1589 
3222 588 1634 1123 
3223 1056 1604 993 
3224 1568 1599 1020 
3225 982 1614 1601 
3226 852 1682 1288 
3227 101 1631 1552 
3228 242 1606 1061 
3229 125 1609 124 
3230 866 1610 865 
3231 1035 1611 1031 
3232 1634 1638 1123 
3233 292 1612 138 
3234 1214 1613 1212 
3235 1451 1637 247 
3236 980 1614 982 
3237 1123 1638 629 
3238 1165 1607 1505 
3239 245 1615 968 
3240 1115 1557 1556 
3241 1464 1636 1602 
3242 1082 1645 1507 
3243 908 1605 1435 
3244 114 1616 113 
3245 1345 1636 1256 
3246 219 1617 218 
3247 939 1618 937 
3248 980 1624 1614 
3249 1037 1691 1642 
3250 1628 1681 1351 
3251 999 1619 1001 
3252 1155 1677 918 
3253 1453 1608 790 
3254 275 1644 1264 
3255 1478 1597 1429 
3256 186 1620 185 
3257 1243 1621 1241 
3258 129 1622 128 
3259 259 1628 1600 
3260 1286 1686 1544 
3261 255 1623 1479 
3262 828 1623 1191 
3263 978 1624 980 
3264 134 1625 133 
3265 1010 1626 1009 
3266 1061 1606 1488 
3267 1523 1632 737 
3268 203 1667 1561 
3269 978 1634 1624 
3270 171 1627 170 
3271 250 1596 1496 
3272 963 1633 1527 
3273 795 1628 794 
3274 239 1629 1075 
3275 1482 1596 250 
3276 289 1597 1478 
3277 236 1633 58 
3278 102 1631 101 
3279 1505 1607 798 
3280 1598 1675 981 
3281 977 1634 978 
3282 1516 1686 907 
3283 1239 1635 1237 
3284 1285 1657 860 
3285 1575 1691 607 
3286 1439 1630 1495 
3287 1243 1653 1621 
3288 977 1638 1634 
3289 247 1637 7 
3290 1534 1619 999 
3291 575 1619 1534 
3292 1615 1677 968 
3293 988 1638 977 
3294 622 1693 1130 
3295 855 1639 666 
3296 1539 1665 796 
3297 806 1640 827 
3298 922 1641 920 
3299 603 1643 1154 
3300 265 1666 1560 
3301 1358 1679 267 
3302 859 1649 1521 
3303 1264 1644 846 
3304 1636 1683 1256 
3305 1565 1691 1036 
3306 141 1645 140 
3307 237 1646 996 
3308 1137 1647 580 
3309 1046 1642 1575 
3310 200 1648 199 
3311 1582 1687 188 
3312 1619 1693 1001 
3313 1526 1612 292 
3314 173 1650 172 
3315 218 1651 217 
3316 860 1657 1481 
3317 1569 1682 271 
3318 84 1654 83 
3319 1245 1653 1243 
3320 243 1652 975 
3321 263 1692 1440 
3322 845 1685 892 
3323 1584 1697 916 
3324 1602 1636 1345 
3325 192 1658 191 
3326 1617 1651 218 
3327 1256 1683 832 
3328 136 1662 255 
3329 132 1663 131 
3330 152 1664 151 
3331 1441 1693 622 
3332 1028 1659 1385 
3333 441 1668 443 
3334 204 1667 203 
3335 949 1666 1267 
3336 274 1683 1636 
3337 117 1669 116 
3338 1171 1670 457 
3339 52 1671 53 
3340 295 1672 168 
3341 291 1641 1519 
3342 274 1636 1464 
3343 1002 1674 1000 
3344 981 1675 979 
3345 56 1673 57 
3346 174 1676 173 
3347 968 1677 970 
3348 1273 1678 743 
3349 1473 1644 275 
3350 856 1679 1358 
3351 188 1687 187 
3352 916 1697 1128 
3353 1500 1698 942 
3354 36 1690 226 
3355 1189 1694 951 
3356 1599 1696 1020 
3357 1440 1692 1217 
3358 1553 1659 1028 
3359 252 1649 1480 
3360 903 1695 1411 
3361 966 1632 1523 
3362 173 1676 1650 
3363 1428 1688 837 
3364 1653 1672 295 
3365 1527 1633 236 
3366 1430 1696 1032 
3367 1544 1686 260 
3368 1084 1599 1568 
3369 1441 1680 1002 
3370 1525 1692 263 
3371 1481 1657 296 
3372 285 1698 1500 
3373 270 1661 1468 
3374 226 1690 1611 
3375 1521 1649 252 
3376 1474 1665 268 
3377 1001 1693 1441 
3378 1581 1661 270 
3379 1560 1666 949 
3380 278 1685 1528 
3381 1477 1681 259 
3382 271 1682 1472 
3383 1465 1683 274 
3384 279 1689 1471 
3385 1092 1656 1529 
3386 1528 1685 845 
3387 268 1665 1539 
3388 1533 1698 285 
3389 267 1679 1546 
3390 1016 1680 1655 
3391 1655 1680 1441 
3392 260 1686 1516 
3393 895 1684 1523 
3394 1002 1680 1583 
3395 1640 1689 279 
3396 1032 1696 1599 
3397 259 1681 1628 
3398 607 1691 1565