2 1 2 944
85 461 391 493 
86 386 88 474 
87 344 239 438 
88 84 461 493 
89 301 298 462 
90 462 298 463 
91 302 297 470 
92 470 297 471 
93 383 332 433 
94 299 87 468 
95 87 299 469 
96 92 298 466 
97 297 100 471 
98 298 92 463 
99 100 297 472 
100 321 254 465 
101 254 321 467 
102 302 87 469 
103 87 302 470 
104 300 100 472 
105 100 300 473 
106 363 386 474 
107 431 467 506 
108 464 322 504 
109 468 101 505 
110 467 321 506 
111 299 468 505 
112 269 464 504 
113 276 311 312 
114 102 303 385 
115 476 300 484 
116 473 300 476 
117 304 85 390 
118 363 361 386 
119 353 351 388 
120 347 108 349 
121 344 438 480 
122 362 498 507 
123 498 224 507 
124 243 478 496 
125 433 332 479 
126 239 344 478 
127 388 351 494 
128 386 361 495 
129 311 276 487 
130 303 102 488 
131 24 25 357 
132 41 42 338 
133 478 343 496 
134 332 383 481 
135 304 390 485 
136 349 108 489 
137 349 93 350 
138 358 99 360 
139 82 308 492 
140 296 328 493 
141 24 357 502 
142 338 42 499 
143 350 93 351 
144 360 99 361 
145 474 88 482 
146 85 304 483 
147 306 391 461 
148 98 339 496 
149 108 347 475 
150 276 312 481 
151 385 303 482 
152 316 82 492 
153 328 84 493 
154 335 295 510 
155 308 82 487 
156 328 296 488 
157 225 242 352 
158 343 98 496 
159 295 335 484 
160 360 361 362 
161 238 352 353 
162 238 353 354 
163 242 350 352 
164 238 225 352 
165 350 351 352 
166 332 333 479 
167 362 361 363 
168 354 253 410 
169 93 349 489 
170 339 98 490 
171 99 358 491 
172 485 103 513 
173 238 354 410 
174 304 253 354 
175 352 351 353 
176 242 348 350 
177 348 242 427 
178 346 348 427 
179 309 346 427 
180 309 97 346 
181 58 97 458 
182 97 309 458 
183 74 90 312 
184 111 109 310 
185 109 54 310 
186 278 405 413 
187 201 430 447 
188 52 53 81 
189 71 72 82 
190 310 89 453 
191 336 94 340 
192 405 275 413 
193 214 279 323 
194 453 89 455 
195 44 45 336 
196 323 279 334 
197 52 81 314 
198 71 82 316 
199 176 313 334 
200 104 51 314 
201 103 70 316 
202 187 317 376 
203 318 16 327 
204 45 94 336 
205 320 318 327 
206 113 115 426 
207 81 109 110 
208 73 74 312 
209 70 71 316 
210 51 52 314 
211 278 307 405 
212 176 334 395 
213 33 34 84 
214 14 15 83 
215 342 343 344 
216 315 314 365 
217 342 98 343 
218 39 98 342 
219 154 156 380 
220 326 245 404 
221 331 76 364 
222 43 44 107 
223 311 73 312 
224 313 176 380 
225 317 374 376 
226 333 331 364 
227 55 89 310 
228 62 63 108 
229 245 324 330 
230 33 84 328 
231 230 367 381 
232 14 83 329 
233 230 372 423 
234 367 326 381 
235 275 317 413 
236 81 110 365 
237 102 32 328 
238 446 264 448 
239 81 53 109 
240 334 279 395 
241 101 13 329 
242 324 245 326 
243 288 455 457 
244 104 314 315 
245 266 442 443 
246 366 437 440 
247 365 113 426 
248 324 248 330 
249 381 326 404 
250 370 252 414 
251 55 56 89 
252 348 349 350 
253 107 44 336 
254 374 141 376 
255 79 105 335 
256 148 141 374 
257 176 154 380 
258 32 33 328 
259 13 14 329 
260 74 75 90 
261 97 345 346 
262 265 323 334 
263 367 230 423 
264 53 54 109 
265 90 331 332 
266 313 265 334 
267 355 106 356 
268 348 347 349 
269 346 347 348 
270 90 75 331 
271 315 365 426 
272 110 113 365 
273 22 106 355 
274 83 322 329 
275 54 55 310 
276 97 59 345 
277 430 285 447 
278 356 106 357 
279 375 212 411 
280 355 356 371 
281 317 187 413 
282 356 359 371 
283 156 178 380 
284 246 369 370 
285 341 342 344 
286 346 345 347 
287 330 248 382 
288 36 37 91 
289 58 59 97 
290 289 260 422 
291 356 357 358 
292 91 37 341 
293 83 318 319 
294 341 38 342 
295 17 92 327 
296 314 81 365 
297 246 368 369 
298 174 201 368 
299 17 18 92 
300 38 39 342 
301 246 370 414 
302 39 40 98 
303 337 336 340 
304 115 214 426 
305 211 209 412 
306 79 80 105 
307 82 72 311 
308 57 58 458 
309 259 229 260 
310 259 260 289 
311 251 375 411 
312 83 319 322 
313 194 193 366 
314 198 148 374 
315 256 257 274 
316 95 78 335 
317 256 198 257 
318 274 275 308 
319 197 235 236 
320 274 257 275 
321 171 174 368 
322 236 261 262 
323 262 261 290 
324 359 358 360 
325 110 111 112 
326 368 201 369 
327 161 163 414 
328 22 23 106 
329 59 60 345 
330 209 231 412 
331 175 382 402 
332 193 215 366 
333 236 235 261 
334 178 197 392 
335 96 21 355 
336 230 143 372 
337 77 95 364 
338 382 248 402 
339 143 138 372 
340 83 15 318 
341 215 271 273 
342 437 284 440 
343 210 225 238 
344 382 175 422 
345 131 129 373 
346 263 262 264 
347 96 355 371 
348 78 79 335 
349 77 78 95 
350 110 112 113 
351 75 76 331 
352 273 297 302 
353 110 109 111 
354 140 138 143 
355 135 131 373 
356 252 161 414 
357 215 273 366 
358 138 135 372 
359 76 77 364 
360 210 238 410 
361 332 331 333 
362 236 262 263 
363 144 145 146 
364 255 198 256 
365 21 22 355 
366 16 17 327 
367 20 21 96 
368 144 143 145 
369 231 208 245 
370 191 194 379 
371 140 143 144 
372 169 171 368 
373 273 271 297 
374 167 169 246 
375 72 73 311 
376 37 38 341 
377 231 245 330 
378 275 257 317 
379 340 94 456 
380 197 226 235 
381 277 253 304 
382 185 186 205 
383 231 330 387 
384 171 173 174 
385 234 212 375 
386 185 205 227 
387 372 135 373 
388 231 387 412 
389 356 358 359 
390 286 234 287 
391 287 375 428 
392 373 129 393 
393 252 370 420 
394 185 227 384 
395 265 264 266 
396 287 234 375 
397 15 16 318 
398 144 146 187 
399 212 158 411 
400 380 178 392 
401 171 172 173 
402 174 200 201 
403 267 217 281 
404 187 146 384 
405 263 313 392 
406 246 169 368 
407 319 320 321 
408 139 138 140 
409 178 196 197 
410 179 203 222 
411 146 147 185 
412 263 264 265 
413 145 143 230 
414 227 253 277 
415 174 173 184 
416 227 278 384 
417 377 190 378 
418 236 263 392 
419 174 184 200 
420 146 145 147 
421 184 173 389 
422 10 11 87 
423 136 135 138 
424 164 162 165 
425 149 190 377 
426 145 230 381 
427 200 184 207 
428 227 205 253 
429 249 184 389 
430 185 147 186 
431 162 160 394 
432 152 176 395 
433 200 207 258 
434 372 373 423 
435 267 281 282 
436 169 170 171 
437 149 189 190 
438 163 167 414 
439 233 212 234 
440 146 185 384 
441 250 291 303 
442 188 148 198 
443 190 191 379 
444 278 277 307 
445 179 222 389 
446 150 395 403 
447 285 234 286 
448 191 193 194 
449 270 284 299 
450 144 187 376 
451 142 149 377 
452 395 279 403 
453 207 249 250 
454 199 119 248 
455 183 158 212 
456 250 249 291 
457 139 142 398 
458 12 13 101 
459 272 295 300 
460 269 219 270 
461 160 232 394 
462 313 380 392 
463 265 266 323 
464 114 175 402 
465 240 204 241 
466 165 162 394 
467 187 384 413 
468 159 252 408 
469 31 102 385 
470 173 172 179 
471 190 189 191 
472 31 32 102 
473 118 116 119 
474 215 223 271 
475 30 31 385 
476 126 125 393 
477 425 181 431 
478 152 154 176 
479 207 184 249 
480 164 165 195 
481 29 30 88 
482 129 126 393 
483 88 30 385 
484 128 126 129 
485 124 122 125 
486 248 119 402 
487 167 168 169 
488 227 277 278 
489 134 131 135 
490 67 68 85 
491 293 294 296 
492 218 219 269 
493 245 208 404 
494 247 165 394 
495 173 179 389 
496 114 112 175 
497 293 241 294 
498 116 114 402 
499 270 283 284 
500 171 170 172 
501 209 208 231 
502 197 236 392 
503 113 112 114 
504 140 144 376 
505 183 212 233 
506 291 249 406 
507 233 234 285 
508 121 123 150 
509 120 119 199 
510 150 151 152 
511 240 241 293 
512 195 165 213 
513 270 219 283 
514 128 129 130 
515 147 145 381 
516 107 336 337 
517 378 190 379 
518 124 125 126 
519 213 165 247 
520 229 211 412 
521 325 326 367 
522 249 389 406 
523 188 198 255 
524 28 29 386 
525 68 69 390 
526 213 247 401 
527 29 88 386 
528 150 152 395 
529 308 275 405 
530 136 139 398 
531 219 213 401 
532 281 217 415 
533 85 68 390 
534 142 377 398 
535 150 123 151 
536 156 177 178 
537 182 183 204 
538 118 119 120 
539 182 158 183 
540 257 198 374 
541 263 265 313 
542 133 137 159 
543 218 213 219 
544 125 122 400 
545 199 248 324 
546 159 161 252 
547 127 126 128 
548 287 428 434 
549 48 49 86 
550 152 151 153 
551 193 202 215 
552 195 213 218 
553 128 130 132 
554 160 137 232 
555 124 126 127 
556 121 120 122 
557 69 70 103 
558 123 122 124 
559 115 117 214 
560 121 150 403 
561 214 117 279 
562 157 155 158 
563 260 229 412 
564 49 50 396 
565 118 120 121 
566 241 204 397 
567 149 188 189 
568 50 51 104 
569 121 122 123 
570 325 324 326 
571 159 137 160 
572 141 140 376 
573 119 116 402 
574 153 151 251 
575 161 160 162 
576 163 162 164 
577 199 324 325 
578 133 134 137 
579 142 148 149 
580 115 114 116 
581 393 125 417 
582 384 278 413 
583 66 67 388 
584 130 129 131 
585 220 204 240 
586 157 158 182 
587 134 135 136 
588 169 168 170 
589 279 117 403 
590 120 199 400 
591 67 85 388 
592 408 252 420 
593 237 217 267 
594 204 183 397 
595 117 118 403 
596 69 103 390 
597 256 274 276 
598 163 166 167 
599 117 116 118 
600 283 219 401 
601 183 233 397 
602 113 114 115 
603 125 400 417 
604 118 121 403 
605 387 382 422 
606 124 127 399 
607 195 218 254 
608 319 318 320 
609 122 120 400 
610 130 131 133 
611 151 123 399 
612 167 166 168 
613 136 138 139 
614 123 124 399 
615 235 226 243 
616 199 325 400 
617 179 180 203 
618 389 222 406 
619 197 196 226 
620 139 140 141 
621 210 211 225 
622 232 418 424 
623 186 147 404 
624 206 209 210 
625 159 160 161 
626 167 246 414 
627 191 192 193 
628 86 49 396 
629 154 153 155 
630 253 205 410 
631 323 266 443 
632 251 151 399 
633 225 228 242 
634 203 216 224 
635 247 429 436 
636 317 257 374 
637 152 153 154 
638 205 186 206 
639 208 186 404 
640 178 177 196 
641 50 104 396 
642 255 256 383 
643 133 131 134 
644 240 293 391 
645 182 204 220 
646 142 141 148 
647 115 116 117 
648 132 408 420 
649 400 325 417 
650 377 378 424 
651 387 260 412 
652 139 141 142 
653 149 148 188 
654 232 137 418 
655 161 162 163 
656 325 367 417 
657 147 381 404 
658 133 159 408 
659 168 166 181 
660 158 155 411 
661 156 155 157 
662 132 130 408 
663 281 425 431 
664 237 267 298 
665 179 172 180 
666 130 133 408 
667 191 189 192 
668 220 268 280 
669 244 229 259 
670 26 27 99 
671 200 258 430 
672 164 195 407 
673 338 337 339 
674 216 180 217 
675 271 223 272 
676 206 186 208 
677 163 164 166 
678 154 155 156 
679 155 153 411 
680 220 240 268 
681 330 382 387 
682 153 251 411 
683 215 202 223 
684 237 298 301 
685 366 273 437 
686 189 188 409 
687 172 170 415 
688 370 369 444 
689 216 217 237 
690 7 8 100 
691 202 192 221 
692 181 166 407 
693 256 276 383 
694 220 280 416 
695 157 182 416 
696 203 180 216 
697 137 134 418 
698 418 398 424 
699 136 398 418 
700 156 157 177 
701 280 268 305 
702 247 394 429 
703 195 254 407 
704 206 210 410 
705 393 417 423 
706 206 208 209 
707 166 164 407 
708 205 206 410 
709 193 192 202 
710 226 196 239 
711 192 189 409 
712 134 136 418 
713 210 209 211 
714 188 255 409 
715 281 415 425 
716 182 220 416 
717 444 369 447 
718 268 240 391 
719 228 211 229 
720 180 172 415 
721 221 192 409 
722 375 251 428 
723 417 367 423 
724 45 46 94 
725 175 112 435 
726 217 180 415 
727 168 181 425 
728 128 132 434 
729 225 211 228 
730 224 216 419 
731 228 229 244 
732 272 292 295 
733 373 393 423 
734 369 201 447 
735 289 422 435 
736 177 157 416 
737 64 65 93 
738 429 378 436 
739 170 168 425 
740 237 301 419 
741 244 288 309 
742 272 223 292 
743 305 268 306 
744 398 377 424 
745 442 315 443 
746 415 170 425 
747 201 200 430 
748 251 399 428 
749 244 259 288 
750 282 281 431 
751 216 237 419 
752 394 232 429 
753 399 127 428 
754 434 132 441 
755 260 387 422 
756 107 337 338 
757 430 258 445 
758 422 175 435 
759 202 221 421 
760 424 378 429 
761 239 196 432 
762 416 280 432 
763 428 127 434 
764 177 416 432 
765 242 228 427 
766 409 255 433 
767 86 446 448 
768 127 128 434 
769 223 202 421 
770 250 303 451 
771 196 177 432 
772 306 268 391 
773 194 366 440 
774 244 309 427 
775 294 449 450 
776 232 424 429 
777 239 432 438 
778 273 302 437 
779 255 383 433 
780 292 223 421 
781 286 287 441 
782 401 247 436 
783 112 111 435 
784 432 280 438 
785 378 379 436 
786 379 194 439 
787 214 323 443 
788 221 409 433 
789 401 436 439 
790 228 244 427 
791 287 434 441 
792 436 379 439 
793 283 401 439 
794 280 305 438 
795 439 194 440 
796 445 258 449 
797 283 439 440 
798 284 283 440 
799 132 420 441 
800 264 262 448 
801 233 285 445 
802 104 315 442 
803 285 430 445 
804 207 250 450 
805 294 241 449 
806 455 89 457 
807 426 214 443 
808 48 86 452 
809 396 104 442 
810 286 444 447 
811 315 426 443 
812 449 258 450 
813 286 441 444 
814 396 442 446 
815 266 264 446 
816 397 233 445 
817 420 370 444 
818 285 286 447 
819 86 396 446 
820 450 250 451 
821 442 266 446 
822 94 46 454 
823 441 420 444 
824 340 456 459 
825 397 445 449 
826 56 57 457 
827 262 290 448 
828 241 397 449 
829 288 259 455 
830 258 207 450 
831 459 243 460 
832 296 294 451 
833 111 310 453 
834 86 448 452 
835 47 48 452 
836 235 243 459 
837 309 288 458 
838 47 452 454 
839 294 450 451 
840 452 290 454 
841 46 47 454 
842 289 453 455 
843 339 337 460 
844 94 454 456 
845 448 290 452 
846 259 289 455 
847 435 111 453 
848 89 56 457 
849 290 261 456 
850 289 435 453 
851 457 57 458 
852 456 261 459 
853 288 457 458 
854 454 290 456 
855 340 459 460 
856 261 235 459 
857 337 340 460 
858 353 388 483 
859 480 305 512 
860 307 485 513 
861 344 343 478 
862 34 35 461 
863 329 322 464 
864 92 18 463 
865 20 96 462 
866 319 321 465 
867 298 267 466 
868 87 11 468 
869 12 101 468 
870 407 254 467 
871 437 302 469 
872 431 181 467 
873 10 87 470 
874 297 271 472 
875 100 8 471 
876 272 300 472 
877 299 284 469 
878 7 100 473 
879 508 419 509 
880 507 224 508 
881 224 419 508 
882 419 301 509 
883 282 431 506 
884 503 282 506 
885 347 345 475 
886 60 61 475 
887 5 6 476 
888 84 34 461 
889 19 20 462 
890 19 462 463 
891 101 329 464 
892 18 19 463 
893 322 319 465 
894 267 282 466 
895 181 407 467 
896 11 12 468 
897 284 437 469 
898 9 10 470 
899 9 470 471 
900 8 9 471 
901 271 272 472 
902 6 7 473 
903 364 95 477 
904 101 464 505 
905 322 465 504 
906 466 282 503 
907 91 480 512 
908 243 226 478 
909 362 363 497 
910 421 221 479 
911 362 497 498 
912 95 335 510 
913 360 362 507 
914 461 35 486 
915 351 93 494 
916 361 99 495 
917 341 344 480 
918 438 305 480 
919 291 406 474 
920 90 332 481 
921 82 311 487 
922 102 328 488 
923 105 476 484 
924 345 60 475 
925 333 364 477 
926 277 304 485 
927 306 461 486 
928 36 91 486 
929 462 96 509 
930 276 274 487 
931 451 303 488 
932 108 63 489 
933 98 40 490 
934 64 93 489 
935 26 99 491 
936 6 473 476 
937 405 307 492 
938 391 293 493 
939 66 388 494 
940 93 65 494 
941 28 386 495 
942 99 27 495 
943 390 103 485 
944 304 354 483 
945 460 243 496 
946 301 462 509 
947 203 224 498 
948 80 1 500 
949 1 5 500 
950 23 2 502 
951 2 24 502 
952 357 106 502 
953 3 43 499 
954 42 3 499 
955 61 4 501 
956 4 62 501 
957 107 338 499 
958 327 92 503 
959 269 270 505 
960 254 218 504 
961 335 105 484 
962 303 291 482 
963 383 276 481 
964 226 239 478 
965 92 466 503 
966 464 269 505 
967 465 254 504 
968 221 433 479 
969 388 85 483 
970 474 406 497 
971 363 474 497 
972 91 341 480 
973 312 90 481 
974 88 385 482 
975 291 474 482 
976 354 353 483 
977 292 421 511 
978 41 338 490 
979 357 25 491 
980 300 295 484 
981 307 277 485 
982 35 36 486 
983 295 292 510 
984 274 308 487 
985 296 451 488 
986 477 292 511 
987 63 64 489 
988 25 26 491 
989 338 339 490 
990 40 41 490 
991 358 357 491 
992 308 405 492 
993 293 296 493 
994 65 66 494 
995 27 28 495 
996 421 479 511 
997 339 460 496 
998 292 477 510 
999 475 61 501 
1000 5 476 500 
1001 492 307 513 
1002 406 222 497 
1003 497 222 498 
1004 222 203 498 
1005 105 80 500 
1006 106 23 502 
1007 43 107 499 
1008 62 108 501 
1009 320 327 503 
1010 218 269 504 
1011 270 299 505 
1012 486 91 512 
1013 320 503 506 
1014 321 320 506 
1015 359 360 507 
1016 371 359 508 
1017 371 508 509 
1018 359 507 508 
1019 96 371 509 
1020 477 95 510 
1021 305 306 512 
1022 103 316 513 
1023 108 475 501 
1024 476 105 500 
1025 479 333 511 
1026 333 477 511 
1027 306 486 512 
1028 316 492 513 