2 1 2 188
69 77 62 78 
70 61 94 112 
71 64 98 113 
72 78 62 116 
73 66 78 116 
74 63 79 115 
75 90 20 91 
76 62 77 114 
77 78 66 117 
78 112 94 123 
79 113 98 124 
80 79 63 122 
81 69 90 91 
82 89 51 103 
83 32 93 96 
84 87 57 95 
85 88 13 101 
86 40 92 107 
87 49 6 69 
88 55 54 67 
89 59 58 68 
90 55 67 80 
91 33 34 75 
92 56 55 80 
93 7 77 78 
94 27 28 62 
95 36 37 61 
96 7 52 73 
97 47 46 72 
98 7 73 77 
99 47 72 82 
100 22 23 81 
101 41 42 76 
102 18 19 63 
103 21 22 71 
104 48 47 82 
105 42 43 83 
106 29 30 66 
107 38 39 65 
108 11 12 70 
109 6 74 79 
110 61 37 84 
111 76 42 83 
112 6 48 74 
113 37 38 84 
114 74 48 82 
115 10 11 85 
116 38 65 84 
117 11 70 85 
118 9 10 64 
119 71 22 81 
120 64 10 85 
121 92 68 107 
122 81 89 103 
123 93 80 96 
124 65 87 95 
125 72 88 101 
126 40 41 92 
127 58 57 87 
128 54 53 86 
129 12 13 88 
130 52 51 89 
131 19 20 90 
132 20 21 91 
133 32 33 93 
134 49 69 105 
135 59 68 109 
136 56 80 108 
137 65 39 107 
138 66 30 106 
139 81 23 111 
140 72 46 110 
141 34 35 112 
142 43 44 113 
143 79 99 115 
144 87 65 107 
145 86 66 106 
146 69 91 105 
147 89 81 111 
148 88 72 110 
149 68 92 109 
150 80 93 108 
151 67 54 86 
152 68 58 87 
153 70 12 88 
154 73 52 89 
155 63 19 90 
156 21 71 91 
157 41 76 92 
158 33 75 93 
159 25 26 114 
160 97 73 111 
161 100 70 110 
162 96 67 106 
163 76 104 109 
164 71 103 105 
165 82 101 102 
166 94 84 95 
167 101 14 102 
168 98 85 100 
169 8 94 95 
170 84 65 95 
171 61 84 94 
172 51 50 103 
173 57 8 95 
174 82 72 101 
175 80 67 96 
176 85 70 100 
177 31 32 96 
178 14 15 102 
179 24 25 97 
180 15 16 99 
181 77 73 97 
182 5 98 100 
183 64 85 98 
184 45 5 100 
185 15 99 102 
186 79 74 99 
187 13 14 101 
188 5 60 104 
189 74 82 102 
190 99 74 102 
191 71 81 103 
192 76 83 104 
193 31 96 106 
194 24 97 111 
195 45 100 110 
196 103 50 105 
197 104 60 109 
198 50 49 105 
199 8 56 108 
200 30 31 106 
201 39 40 107 
202 60 59 109 
203 46 45 110 
204 23 24 111 
205 7 78 117 
206 53 7 117 
207 75 34 112 
208 83 43 113 
209 99 16 115 
210 16 17 115 
211 77 97 114 
212 97 25 114 
213 62 28 116 
214 29 66 116 
215 68 87 107 
216 67 86 106 
217 70 88 110 
218 73 89 111 
219 91 71 105 
220 93 75 108 
221 92 76 109 
222 3 27 118 
223 4 36 119 
224 26 3 118 
225 35 4 119 
226 1 9 120 
227 44 1 120 
228 2 18 121 
229 17 2 121 
230 63 90 122 
231 75 112 123 
232 83 113 124 
233 69 6 122 
234 6 79 122 
235 28 29 116 
236 5 104 124 
237 98 5 124 
238 94 8 123 
239 8 108 123 
240 66 86 117 
241 112 35 119 
242 113 44 120 
243 86 53 117 
244 18 63 121 
245 27 62 118 
246 36 61 119 
247 9 64 120 
248 114 26 118 
249 61 112 119 
250 64 113 120 
251 62 114 118 
252 63 115 121 
253 115 17 121 
254 90 69 122 
255 108 75 123 
256 104 83 124 