2 1 2 4428
309 1558 1559 2109 
310 1558 2109 2110 
311 1622 418 1765 
312 814 1423 1495 
313 344 282 1494 
314 1200 1643 1947 
315 788 1558 2110 
316 1558 788 2111 
317 825 1536 2112 
318 1536 825 2113 
319 826 1529 2114 
320 1529 826 2115 
321 827 1574 2116 
322 1574 827 2123 
323 787 1559 2108 
324 1559 787 2109 
325 1579 828 2124 
326 828 1579 2125 
327 788 1536 2111 
328 1536 788 2112 
329 1377 836 2119 
330 836 1377 2120 
331 1390 828 2122 
332 828 1390 2124 
333 825 1529 2113 
334 1529 825 2114 
335 718 1378 2117 
336 1378 718 2118 
337 836 1389 2121 
338 1389 836 2120 
339 826 1574 2115 
340 1574 826 2116 
341 827 1579 2123 
342 1579 827 2125 
343 314 1725 1726 
344 1806 320 1807 
345 1808 319 1809 
346 842 1595 2148 
347 1622 1765 2253 
348 1883 317 2064 
349 324 1394 1890 
350 323 1514 1891 
351 412 2117 2335 
352 2119 1825 2327 
353 2117 1378 2335 
354 1377 2119 2327 
355 813 1429 1775 
356 1595 842 2149 
357 866 1482 1502 
358 348 1472 1635 
359 349 1474 1761 
360 345 1465 1893 
361 1853 2141 2158 
362 814 1495 2222 
363 892 1379 2143 
364 893 1380 2142 
365 1804 301 1870 
366 1683 303 1873 
367 1599 304 1923 
368 2141 1590 2158 
369 1692 781 1859 
370 350 1421 1570 
371 327 1778 1779 
372 1662 328 1847 
373 2149 842 2181 
374 1379 892 2269 
375 1380 893 2270 
376 768 1399 1603 
377 1731 1211 1732 
378 1397 367 1976 
379 368 1431 1432 
380 1385 2326 2336 
381 1401 742 1877 
382 1762 740 1876 
383 1402 749 1884 
384 1407 746 1874 
385 1403 752 1872 
386 1624 758 1924 
387 2326 690 2336 
388 1200 955 1637 
389 1770 732 1827 
390 1265 1266 1833 
391 1254 1255 1831 
392 2064 317 2239 
393 1394 324 2240 
394 1514 323 2241 
395 1570 1421 1571 
396 782 1406 1899 
397 783 1614 1900 
398 720 1395 1623 
399 1725 314 2226 
400 1807 320 2227 
401 1809 319 2228 
402 1365 1362 1491 
403 744 1398 1871 
404 745 1548 1897 
405 1621 843 1943 
406 748 1856 1895 
407 1215 1420 1754 
408 1442 2149 2181 
409 1430 1815 2072 
410 2140 1041 2149 
411 168 1657 1659 
412 168 169 1657 
413 167 168 1659 
414 811 1410 1411 
415 177 178 1477 
416 1477 178 1493 
417 178 179 1493 
418 714 1412 1793 
419 180 181 1584 
420 844 1413 1420 
421 354 1414 1582 
422 194 195 1490 
423 195 196 1489 
424 195 1489 1490 
425 334 1851 1852 
426 963 1410 1485 
427 172 313 1500 
428 970 1413 1488 
429 965 1416 1589 
430 1775 1429 2236 
431 1420 1215 2146 
432 360 1424 1466 
433 338 1425 1471 
434 342 1427 1473 
435 359 1428 1475 
436 844 1420 2146 
437 2221 1955 2334 
438 1409 313 1498 
439 1408 753 1496 
440 743 1415 1585 
441 335 1416 1587 
442 1179 1658 2155 
443 310 1659 2156 
444 1472 348 2229 
445 1474 349 2231 
446 1465 345 2230 
447 1350 1955 2221 
448 998 996 1658 
449 163 164 1478 
450 165 166 1484 
451 1002 1000 1499 
452 1006 1004 1497 
453 1008 1486 1512 
454 158 159 1487 
455 182 183 1583 
456 184 185 1586 
457 186 187 1588 
458 1815 1451 2072 
459 843 1621 2348 
460 316 1438 1462 
461 1439 419 1440 
462 1081 1488 2131 
463 1482 1481 1502 
464 1266 1280 1833 
465 1255 1258 1831 
466 955 1218 1637 
467 782 222 1710 
468 301 1804 2223 
469 303 1683 2224 
470 304 1599 2225 
471 1125 1626 2161 
472 1485 310 2156 
473 1500 1179 2155 
474 1130 1571 2216 
475 1571 1130 2220 
476 907 1481 1501 
477 327 1779 2232 
478 328 1662 2233 
479 1446 741 1454 
480 1447 339 1448 
481 344 1494 2163 
482 1442 2140 2149 
483 189 190 1853 
484 191 192 1854 
485 1450 357 1452 
486 1396 1183 2106 
487 367 1397 2234 
488 368 1432 2235 
489 1643 1200 2166 
490 282 281 1494 
491 1851 334 1854 
492 334 1852 1853 
493 781 1692 2217 
494 1592 784 2129 
495 2131 1488 2201 
496 1947 1643 2153 
497 964 963 1485 
498 171 172 1500 
499 1081 970 1488 
500 1074 965 1589 
501 1362 1363 1491 
502 1445 725 2089 
503 1399 768 2213 
504 1419 2221 2257 
505 1211 1731 2212 
506 1183 1396 2342 
507 1419 1350 2221 
508 1817 322 1818 
509 1811 321 1812 
510 1436 309 1538 
511 311 1422 1717 
512 120 742 1540 
513 1437 312 1508 
514 71 749 1476 
515 22 752 1519 
516 302 1479 1480 
517 742 1401 2207 
518 1762 1876 2206 
519 749 1402 2209 
520 1407 1874 2208 
521 752 1403 2211 
522 1624 1924 2210 
523 2129 784 2345 
524 313 1409 1499 
525 753 1408 1497 
526 1410 811 1484 
527 1656 371 1658 
528 811 1411 1478 
529 315 1404 1486 
530 1413 844 1487 
531 1414 354 1583 
532 1415 743 1586 
533 1416 335 1588 
534 1842 1844 2214 
535 1964 1737 2215 
536 1443 333 1445 
537 310 167 1659 
538 1404 315 1477 
539 315 177 1477 
540 1412 714 1584 
541 714 180 1584 
542 371 1656 1657 
543 169 371 1657 
544 375 194 1490 
545 179 714 1493 
546 1493 714 1793 
547 181 354 1584 
548 354 1582 1584 
549 196 308 1489 
550 308 1405 1489 
551 1703 1343 1704 
552 1743 1344 1744 
553 732 1770 2202 
554 190 334 1853 
555 334 191 1854 
556 331 1453 1709 
557 1490 1365 1491 
558 222 221 1710 
559 1406 782 2198 
560 1614 783 2199 
561 1626 1125 2279 
562 1454 337 1974 
563 1448 1805 1939 
564 2157 2107 2349 
565 1395 720 2197 
566 1849 2157 2160 
567 1898 1910 2244 
568 302 1478 1479 
569 1410 1484 1485 
570 313 1499 1500 
571 1413 1487 1488 
572 1416 1588 1589 
573 119 120 1540 
574 70 71 1476 
575 21 22 1519 
576 1497 1409 1498 
577 1486 1408 1496 
578 1586 335 1587 
579 1583 743 1585 
580 1481 907 1502 
581 1179 998 1658 
582 996 1656 1658 
583 302 163 1478 
584 164 811 1478 
585 166 310 1484 
586 811 165 1484 
587 1000 1179 1499 
588 1409 1002 1499 
589 1004 1409 1497 
590 1408 1006 1497 
591 1008 1408 1486 
592 1486 1404 1512 
593 159 417 1487 
594 844 158 1487 
595 354 182 1583 
596 183 743 1583 
597 743 184 1586 
598 185 335 1586 
599 187 812 1588 
600 335 186 1588 
601 747 1462 1724 
602 1871 1398 2193 
603 1621 1943 2194 
604 1431 368 1433 
605 1897 1548 2195 
606 1895 1856 2196 
607 1842 1353 1844 
608 1354 1737 1964 
609 1754 1420 2192 
610 316 1462 2242 
611 1440 419 2243 
612 14 15 1464 
613 1887 1649 2188 
614 1561 2095 2189 
615 1510 2090 2190 
616 1666 1470 2329 
617 419 1439 1442 
618 1136 1670 2261 
619 1379 1736 2255 
620 1670 1136 2260 
621 1380 1758 2258 
622 1736 1379 2269 
623 1758 1380 2270 
624 734 1570 1571 
625 1840 2104 2275 
626 1324 2105 2277 
627 2103 1917 2276 
628 741 1446 1455 
629 339 1447 1449 
630 360 1466 2295 
631 338 1471 2296 
632 342 1473 2297 
633 359 1475 2298 
634 1398 744 2183 
635 1548 745 2184 
636 1856 748 2185 
637 2258 1758 2259 
638 1758 374 2259 
639 2255 1736 2256 
640 1736 373 2256 
641 1670 2260 2263 
642 305 1670 2263 
643 15 304 1464 
644 1649 1887 2323 
645 2095 1561 2321 
646 2090 1510 2319 
647 1661 1660 2058 
648 1780 1782 2013 
649 1452 734 2220 
650 734 1571 2220 
651 1623 1395 2182 
652 1878 1359 2272 
653 1454 741 2245 
654 1448 339 2246 
655 1899 1406 2178 
656 1900 1614 2179 
657 1200 1637 2166 
658 1816 750 1817 
659 1810 751 1811 
660 1456 730 1473 
661 1460 822 1471 
662 1457 754 1466 
663 1458 731 1475 
664 1721 1381 2271 
665 1397 1367 1600 
666 1601 1432 1646 
667 1481 1479 1501 
668 1405 308 2221 
669 1254 1831 2165 
670 1265 1833 2164 
671 1770 1827 2162 
672 1470 1666 2163 
673 1854 2107 2157 
674 1452 357 2248 
675 757 1779 1780 
676 1661 766 1662 
677 1854 192 2107 
678 1846 1348 2253 
679 322 1817 2314 
680 321 1811 2315 
681 754 1457 1465 
682 822 1460 1467 
683 730 1456 1472 
684 731 1458 1474 
685 1344 1743 2313 
686 1343 1703 2312 
687 1125 2254 2279 
688 1898 708 1910 
689 1298 1817 1818 
690 1311 1811 1812 
691 740 1762 2168 
692 1401 1877 2167 
693 746 1407 2169 
694 1402 1884 2170 
695 758 1624 2172 
696 1403 1872 2171 
697 1595 1217 2148 
698 1608 1216 2147 
699 1482 866 2338 
700 747 1724 1725 
701 1807 750 1816 
702 1809 751 1810 
703 2254 1790 2279 
704 957 1842 2214 
705 958 1964 2215 
706 1815 1430 2180 
707 1473 1427 2003 
708 1475 1428 2000 
709 1425 1426 1471 
710 1466 1424 1879 
711 725 1445 2249 
712 337 1495 1974 
713 1298 1816 1817 
714 1311 1810 1811 
715 1453 331 1711 
716 1840 1839 2104 
717 1324 1382 2105 
718 2157 1492 2160 
719 1469 1898 2244 
720 1732 1211 2173 
721 1434 823 1868 
722 782 1710 2198 
723 1563 1366 2239 
724 1600 1367 2240 
725 1601 1646 2241 
726 189 1853 2158 
727 1627 1214 2145 
728 1425 338 2144 
729 1603 1399 2175 
730 1302 1299 1818 
731 1315 1312 1812 
732 1608 2147 2348 
733 1538 309 2250 
734 1422 311 2251 
735 1508 312 2252 
736 1456 1473 2003 
737 1458 1475 2000 
738 1426 1460 1471 
739 1457 1466 1879 
740 1917 343 2276 
741 1626 1522 2161 
742 1459 340 2236 
743 1692 1859 2174 
744 1421 350 2175 
745 2104 347 2275 
746 2105 346 2277 
747 1492 2157 2349 
748 1952 2268 2292 
749 2033 2266 2291 
750 1087 2264 2290 
751 949 2265 2306 
752 2262 1640 2305 
753 2257 198 2309 
754 1423 814 2173 
755 1299 1298 1818 
756 1312 1311 1812 
757 161 2139 2150 
758 332 1878 2272 
759 1445 333 2249 
760 1346 1569 2223 
761 1348 1846 2224 
762 314 1726 2167 
763 1804 1870 2168 
764 320 1806 2170 
765 1683 1873 2169 
766 319 1808 2171 
767 1599 1923 2172 
768 352 1721 2271 
769 1375 1463 2133 
770 859 861 1502 
771 1491 1363 1492 
772 1379 1192 2143 
773 1380 1193 2142 
774 1359 1878 2217 
775 2265 1748 2306 
776 1419 2257 2309 
777 1334 2262 2305 
778 2268 379 2292 
779 2266 306 2291 
780 2264 1609 2290 
781 1480 1479 1481 
782 716 1463 2134 
783 1917 2103 2213 
784 333 1443 2212 
785 348 1635 2162 
786 345 1893 2164 
787 349 1761 2165 
788 1678 1357 2355 
789 1766 1355 2356 
790 309 1436 2206 
791 311 1717 2208 
792 1540 742 2207 
793 1519 752 2211 
794 312 1437 2210 
795 1476 749 2209 
796 1765 1846 2253 
797 1778 327 2178 
798 1847 328 2179 
799 1429 813 2180 
800 331 1709 2247 
801 734 1452 2248 
802 1976 367 2182 
803 1357 2128 2355 
804 1355 2127 2356 
805 2089 725 2205 
806 1661 2058 2286 
807 1780 2013 2285 
808 1883 2064 2183 
809 1890 1394 2184 
810 1891 1514 2185 
811 1214 1627 2353 
812 357 1450 2200 
813 1424 360 2188 
814 1427 342 2189 
815 1428 359 2190 
816 1996 717 2192 
817 1438 316 2193 
818 418 1622 2194 
819 337 1454 2245 
820 1805 1448 2246 
821 1702 901 1703 
822 1742 902 1743 
823 1405 2221 2334 
824 892 2135 2269 
825 893 2136 2270 
826 1041 2267 2330 
827 1381 1721 2237 
828 1939 1805 2238 
829 1853 1852 2141 
830 717 1996 2354 
831 175 176 1496 
832 1010 1012 1585 
833 966 968 1587 
834 173 174 1498 
835 1501 1091 1824 
836 907 859 1502 
837 861 866 1502 
838 375 1490 1491 
839 2151 1433 2191 
840 1366 1563 2283 
841 757 1780 2285 
842 766 1661 2286 
843 340 1459 2287 
844 1569 1346 2317 
845 302 1480 2139 
846 1478 1411 1479 
847 1499 1179 1500 
848 1484 310 1485 
849 1487 417 1488 
850 1588 812 1589 
851 1462 747 2242 
852 753 1497 1498 
853 315 1486 1496 
854 1414 1583 1585 
855 1415 1586 1587 
856 176 315 1496 
857 753 175 1496 
858 1012 1414 1585 
859 1415 1010 1585 
860 968 1415 1587 
861 174 753 1498 
862 313 173 1498 
863 1416 966 1587 
864 1411 1091 1501 
865 907 1501 1824 
866 2139 1483 2150 
867 2328 1665 2329 
868 890 2332 2334 
869 1955 890 2334 
870 2063 2331 2333 
871 932 2063 2333 
872 2331 1686 2335 
873 1686 412 2335 
874 2063 1686 2331 
875 1389 1385 2336 
876 1480 1481 1482 
877 171 1500 2155 
878 964 1485 2156 
879 1665 1666 2329 
880 945 2151 2191 
881 317 1563 2239 
882 324 1600 2240 
883 323 1601 2241 
884 2108 1665 2328 
885 1825 2118 2327 
886 2122 690 2326 
887 823 1434 2316 
888 2149 1041 2330 
889 1455 1446 2137 
890 1449 1447 2138 
891 1589 812 1590 
892 1479 1411 1501 
893 1442 1439 2140 
894 1821 2204 2363 
895 1834 2203 2361 
896 1820 2202 2362 
897 1480 1482 1483 
898 1204 1052 1711 
899 1052 1453 1711 
900 1723 1676 2347 
901 1204 1711 1712 
902 2267 1596 2330 
903 1272 1723 2347 
904 661 659 1517 
905 1504 2041 2055 
906 1090 1008 1512 
907 1666 1664 2092 
908 1019 1017 1800 
909 1578 1391 1694 
910 1090 1512 1597 
911 1597 1504 2055 
912 372 285 1667 
913 1663 372 1667 
914 681 661 1517 
915 1505 760 1801 
916 344 1666 2092 
917 1503 681 1517 
918 285 284 1667 
919 760 1505 1629 
920 1504 1517 2041 
921 681 1503 1800 
922 1090 1597 2055 
923 1556 372 1663 
924 1507 930 1509 
925 930 821 1509 
926 1528 1524 1530 
927 936 841 1598 
928 1057 929 1616 
929 229 6 1510 
930 930 1507 1518 
931 1503 1019 1800 
932 1517 659 2041 
933 1532 1531 1533 
934 1577 736 1693 
935 1577 1578 1694 
936 1444 2089 2101 
937 1017 1505 1800 
938 760 1629 1935 
939 1221 1441 1544 
940 1556 1534 1980 
941 574 571 2065 
942 1210 2084 2102 
943 1318 1319 1513 
944 1318 1513 1515 
945 372 1556 1980 
946 1567 1515 1886 
947 568 1516 1959 
948 1318 1515 1567 
949 1516 1246 1959 
950 1506 796 1913 
951 796 1506 1677 
952 1530 1531 1532 
953 736 1577 1694 
954 1629 1550 1935 
955 1542 1260 2017 
956 1528 1530 1532 
957 111 112 1520 
958 1022 1021 1597 
959 1509 821 1617 
960 289 318 1523 
961 1220 1221 1544 
962 1617 706 2071 
963 538 1542 2017 
964 1301 1547 1549 
965 912 1544 1545 
966 1524 1523 1530 
967 1794 566 2054 
968 1301 1549 1730 
969 1341 980 2023 
970 1301 1302 1547 
971 1730 1549 1954 
972 1066 925 1715 
973 1845 1256 2006 
974 574 1567 1886 
975 1236 981 1696 
976 912 1545 1598 
977 496 1777 1932 
978 699 1552 1882 
979 815 1619 2056 
980 980 1580 2066 
981 1513 1319 1514 
982 1198 1598 1599 
983 290 289 1523 
984 1787 683 2005 
985 1610 1913 1966 
986 534 1845 2006 
987 1511 1220 1544 
988 1198 936 1598 
989 1777 1242 1932 
990 1800 1505 1801 
991 1550 687 1935 
992 1544 1441 1545 
993 1534 1531 1647 
994 1787 1222 1828 
995 1220 1511 1552 
996 1403 1057 1616 
997 265 264 1603 
998 841 912 1598 
999 1342 1513 1514 
1000 929 930 1616 
1001 1534 1647 1980 
1002 1523 318 1530 
1003 1828 1222 1829 
1004 1913 796 1966 
1005 1575 1573 1576 
1006 112 113 1569 
1007 264 768 1603 
1008 113 301 1569 
1009 1546 1525 1572 
1010 1567 574 2065 
1011 1537 926 1543 
1012 1222 1787 2005 
1013 1326 1773 1968 
1014 926 1537 1539 
1015 572 1551 1945 
1016 1224 1537 1543 
1017 1612 1236 1696 
1018 1551 572 1639 
1019 1755 1252 1992 
1020 1798 494 2040 
1021 1728 1223 1752 
1022 359 229 1510 
1023 1520 112 1569 
1024 1313 1794 2054 
1025 1945 1551 2037 
1026 1799 1691 2032 
1027 1224 1543 1564 
1028 1328 1547 1548 
1029 508 1755 1992 
1030 536 1730 1954 
1031 1055 1407 1718 
1032 1752 1223 1753 
1033 735 290 1523 
1034 572 573 1639 
1035 1547 1302 1548 
1036 1552 1511 1882 
1037 1694 1391 2008 
1038 1763 1694 2008 
1039 687 1550 1648 
1040 1512 1022 1597 
1041 1728 684 1896 
1042 1664 1667 2092 
1043 981 983 1696 
1044 1223 1728 1896 
1045 1341 2023 2064 
1046 205 5 1561 
1047 522 715 1580 
1048 500 1554 1680 
1049 501 500 1680 
1050 1525 1527 1572 
1051 536 533 2049 
1052 1552 699 1837 
1053 1507 1508 1518 
1054 682 1828 1829 
1055 8 894 1568 
1056 683 1753 2005 
1057 1516 568 1945 
1058 1572 1573 1575 
1059 1021 1504 1597 
1060 132 769 1563 
1061 492 1606 1707 
1062 687 1648 1930 
1063 1246 1777 1959 
1064 1564 704 1615 
1065 1555 1055 1718 
1066 1401 1066 1715 
1067 1555 1227 1785 
1068 576 1722 1880 
1069 1648 1249 1930 
1070 683 1752 1753 
1071 1554 500 1681 
1072 1553 684 1655 
1073 925 926 1715 
1074 1575 1577 1693 
1075 296 295 1763 
1076 8 818 894 
1077 524 522 1580 
1078 1309 1798 2040 
1079 1533 1531 1534 
1080 1773 2012 2014 
1081 416 111 1520 
1082 1555 1785 1972 
1083 684 1553 1896 
1084 1518 1508 1519 
1085 484 483 1681 
1086 1227 1555 1718 
1087 1067 1727 1784 
1088 1649 815 2056 
1089 578 575 1886 
1090 1562 954 1565 
1091 1784 1681 1951 
1092 1773 1772 1968 
1093 735 1523 1524 
1094 1785 705 1972 
1095 576 577 1722 
1096 1260 1845 2017 
1097 954 1562 1566 
1098 954 846 1565 
1099 1506 1400 2098 
1100 532 507 2044 
1101 1697 510 1946 
1102 573 576 1639 
1103 1773 1326 2012 
1104 1611 1236 1612 
1105 8 276 818 
1106 1885 578 1886 
1107 1541 764 1967 
1108 1089 1622 2015 
1109 438 426 1638 
1110 1050 921 1708 
1111 2012 1542 2014 
1112 1289 1726 1727 
1113 1606 1152 1707 
1114 1615 704 1638 
1115 2023 980 2066 
1116 704 1564 1843 
1117 1453 1708 1709 
1118 1777 496 1959 
1119 468 448 1617 
1120 767 1610 2019 
1121 1509 1617 2071 
1122 1067 1289 1727 
1123 1542 538 2014 
1124 510 501 1680 
1125 979 1371 1568 
1126 575 574 1886 
1127 416 1520 1521 
1128 289 288 318 
1129 426 420 1695 
1130 291 290 735 
1131 1639 576 1880 
1132 358 1546 1572 
1133 1638 426 1695 
1134 266 265 350 
1135 845 1626 1627 
1136 582 579 1783 
1137 1594 1217 1595 
1138 1967 682 2022 
1139 500 484 1681 
1140 504 1602 1738 
1141 930 1518 1616 
1142 1412 1018 1793 
1143 1242 1606 1932 
1144 682 1829 2022 
1145 1532 1533 1536 
1146 1594 1595 1596 
1147 1256 1755 2006 
1148 1564 1543 1843 
1149 1602 1144 1738 
1150 537 536 1954 
1151 894 978 979 
1152 845 1625 1626 
1153 699 1796 1837 
1154 1159 1604 1822 
1155 1067 1784 1951 
1156 626 784 1592 
1157 894 979 1568 
1158 294 293 1693 
1159 1191 1190 1399 
1160 1650 487 1914 
1161 1541 1967 2022 
1162 962 849 980 
1163 1720 582 1783 
1164 1305 1650 1914 
1165 706 446 1612 
1166 1088 1089 2016 
1167 266 350 1570 
1168 1591 580 1866 
1169 1565 846 1716 
1170 1734 1735 1736 
1171 1120 1953 2021 
1172 962 980 1341 
1173 1516 1945 2037 
1174 1014 1015 1016 
1175 1845 534 2017 
1176 818 276 2076 
1177 900 934 1654 
1178 1655 1631 1908 
1179 230 229 359 
1180 1191 1399 1400 
1181 926 1539 1715 
1182 1799 1327 1968 
1183 203 1217 1594 
1184 984 618 1593 
1185 1505 1015 1629 
1186 1247 1248 1613 
1187 1681 483 1951 
1188 1607 1216 1608 
1189 358 292 1546 
1190 1783 578 1885 
1191 1016 1017 1018 
1192 1604 941 1822 
1193 821 468 1617 
1194 1016 1015 1017 
1195 510 1680 1946 
1196 1327 1326 1968 
1197 704 438 1638 
1198 2041 764 2055 
1199 992 1224 1564 
1200 482 451 1994 
1201 1080 1190 1191 
1202 1607 1608 1609 
1203 342 205 1561 
1204 506 486 2027 
1205 1716 728 1991 
1206 295 736 1763 
1207 577 580 1722 
1208 1730 536 2049 
1209 1553 1655 1908 
1210 341 296 1763 
1211 570 1794 2062 
1212 1015 1013 1629 
1213 1327 1799 2032 
1214 571 570 2065 
1215 1210 1653 1654 
1216 849 524 1580 
1217 624 626 1592 
1218 997 999 1753 
1219 1530 318 1531 
1220 1610 1080 1913 
1221 420 432 1695 
1222 1453 1050 1708 
1223 1633 1088 2007 
1224 1082 1633 1956 
1225 35 36 368 
1226 1005 1007 2022 
1227 856 1080 1610 
1228 56 1216 1607 
1229 736 294 1693 
1230 341 1581 1999 
1231 1223 997 1753 
1232 7 252 325 
1233 1236 1611 1938 
1234 1014 1013 1015 
1235 735 1525 1546 
1236 1572 1527 1573 
1237 921 954 1708 
1238 291 735 1546 
1239 511 510 1697 
1240 1953 693 2021 
1241 934 1210 1654 
1242 1633 696 1956 
1243 446 430 1612 
1244 1098 1438 1628 
1245 582 1720 1906 
1246 1611 436 1938 
1247 622 778 1593 
1248 734 267 1570 
1249 1249 1605 1930 
1250 1733 94 1735 
1251 1340 1613 1614 
1252 1734 1733 1735 
1253 789 1690 1786 
1254 448 706 1617 
1255 1018 1019 1020 
1256 1755 508 2006 
1257 580 581 1866 
1258 1167 1244 1635 
1259 46 374 1757 
1260 1247 1613 1764 
1261 1690 1691 1786 
1262 1018 1017 1019 
1263 1030 1032 1769 
1264 1252 1602 1992 
1265 579 578 1783 
1266 815 362 1619 
1267 1533 1534 1535 
1268 1222 1003 1829 
1269 1016 1412 1582 
1270 1089 2015 2016 
1271 992 1564 1615 
1272 570 2062 2065 
1273 1605 1249 1776 
1274 1641 377 1642 
1275 715 520 1986 
1276 1095 1098 1628 
1277 1757 374 1758 
1278 1764 1068 1835 
1279 778 624 1592 
1280 580 1591 1722 
1281 760 665 1801 
1282 1691 1692 2032 
1283 150 377 1641 
1284 1700 1703 1704 
1285 1183 818 2076 
1286 845 109 1625 
1287 305 1669 1670 
1288 1003 1005 1829 
1289 1606 492 1932 
1290 590 591 1716 
1291 706 1612 1696 
1292 1012 1013 1014 
1293 721 1594 1596 
1294 1016 1018 1412 
1295 432 450 1909 
1296 911 1347 1682 
1297 86 720 1623 
1298 894 946 978 
1299 1613 1248 1614 
1300 1531 318 1647 
1301 318 288 1647 
1302 325 252 2029 
1303 1181 1022 1404 
1304 566 1798 2054 
1305 1166 1167 1635 
1306 152 717 1618 
1307 622 623 624 
1308 1598 1545 1599 
1309 703 907 1824 
1310 1181 1404 1477 
1311 1554 1681 1784 
1312 1152 1148 1707 
1313 624 625 626 
1314 685 857 1631 
1315 626 627 628 
1316 379 200 1630 
1317 350 265 1603 
1318 805 1786 1799 
1319 736 1694 1763 
1320 7 325 326 
1321 101 376 1668 
1322 979 1369 1370 
1323 307 148 1644 
1324 1020 1021 1022 
1325 1751 1750 1975 
1326 479 699 1882 
1327 1746 1757 1758 
1328 1826 532 2044 
1329 1684 540 1929 
1330 1262 1671 1905 
1331 1695 432 1909 
1332 914 1081 1941 
1333 923 849 962 
1334 1126 1127 2081 
1335 618 619 1593 
1336 1699 1700 1704 
1337 522 520 715 
1338 1674 1675 1676 
1339 618 617 619 
1340 1020 1022 1181 
1341 1764 723 1915 
1342 616 617 618 
1343 203 204 1217 
1344 541 540 1684 
1345 1605 1776 1857 
1346 723 559 1632 
1347 622 624 778 
1348 1575 1576 1577 
1349 1682 1347 1683 
1350 900 1654 1791 
1351 431 430 446 
1352 1535 1534 1556 
1353 407 421 1645 
1354 1191 1506 1913 
1355 1020 1019 1021 
1356 267 266 1570 
1357 979 978 1369 
1358 724 1607 1609 
1359 665 663 1801 
1360 1631 857 1908 
1361 1690 789 1881 
1362 1610 1966 2019 
1363 725 146 1636 
1364 447 446 448 
1365 431 446 447 
1366 451 433 1994 
1367 1196 1688 1804 
1368 1685 1687 1836 
1369 626 628 784 
1370 979 1370 1371 
1371 723 1632 1915 
1372 1032 1035 1769 
1373 54 724 1640 
1374 1526 1524 1528 
1375 723 1764 1835 
1376 514 511 1697 
1377 1829 1005 2022 
1378 624 623 625 
1379 1166 1154 1167 
1380 305 99 1669 
1381 789 1781 1881 
1382 2089 1218 2101 
1383 684 639 1655 
1384 1441 1440 1464 
1385 626 625 627 
1386 1582 1412 1584 
1387 721 202 1594 
1388 628 627 629 
1389 1803 1108 1970 
1390 1367 1114 1768 
1391 1802 1803 1970 
1392 1155 941 1604 
1393 1196 938 1688 
1394 362 381 1619 
1395 1371 1370 1372 
1396 1221 1439 1440 
1397 1674 336 1675 
1398 1197 1682 1683 
1399 430 1611 1612 
1400 982 1198 1624 
1401 268 267 734 
1402 619 622 1593 
1403 1080 971 1190 
1404 980 849 1580 
1405 767 856 1610 
1406 856 971 1080 
1407 619 621 622 
1408 1641 1643 1644 
1409 622 621 623 
1410 1772 805 1968 
1411 1371 1372 1373 
1412 1613 1068 1764 
1413 779 1699 1704 
1414 1220 1043 1221 
1415 1226 1096 1398 
1416 706 1696 2071 
1417 720 87 1689 
1418 1535 1556 1557 
1419 846 590 1716 
1420 910 1345 1688 
1421 1042 1040 1043 
1422 1038 1039 1040 
1423 110 111 416 
1424 954 1566 1708 
1425 840 911 1682 
1426 512 513 1792 
1427 56 57 1216 
1428 540 537 1954 
1429 103 719 1634 
1430 400 1024 1756 
1431 1146 1144 1602 
1432 942 1155 1858 
1433 62 63 1765 
1434 938 839 1688 
1435 1012 1011 1013 
1436 878 1161 1673 
1437 1084 1088 1633 
1438 699 697 1796 
1439 628 629 630 
1440 132 133 769 
1441 1169 1254 1761 
1442 1191 1400 1506 
1443 1014 1016 1582 
1444 591 728 1716 
1445 1620 1087 1621 
1446 777 565 1679 
1447 1092 514 1093 
1448 1154 1152 1606 
1449 1672 584 1865 
1450 150 151 377 
1451 697 774 1796 
1452 491 792 841 
1453 293 358 1693 
1454 1747 378 1748 
1455 385 400 1756 
1456 728 593 1698 
1457 1625 1522 1626 
1458 639 637 1655 
1459 1009 1249 1648 
1460 377 151 1618 
1461 454 478 491 
1462 816 366 1756 
1463 1472 1166 1635 
1464 802 1357 1678 
1465 1095 1097 1098 
1466 181 182 354 
1467 724 55 1607 
1468 722 1999 2035 
1469 1038 1042 1837 
1470 297 341 1999 
1471 447 448 449 
1472 1221 1440 1441 
1473 367 85 1623 
1474 1698 1030 1769 
1475 779 91 1699 
1476 1063 1062 1064 
1477 1161 1705 1706 
1478 1040 1039 1041 
1479 910 1270 1345 
1480 159 160 417 
1481 1237 1615 1638 
1482 635 685 1631 
1483 1965 715 1986 
1484 1038 1040 1042 
1485 1144 1140 1738 
1486 1168 1146 1169 
1487 544 541 1684 
1488 402 401 406 
1489 390 407 1645 
1490 1656 1180 1657 
1491 1565 1716 1991 
1492 424 415 436 
1493 409 406 415 
1494 1354 1026 1737 
1495 409 415 424 
1496 795 524 849 
1497 1636 307 1637 
1498 143 333 1731 
1499 402 406 409 
1500 400 399 401 
1501 513 516 1792 
1502 400 401 402 
1503 84 85 367 
1504 516 518 793 
1505 637 1631 1655 
1506 559 561 1632 
1507 52 378 1747 
1508 1036 1037 1038 
1509 444 705 1867 
1510 841 792 912 
1511 1133 325 2029 
1512 1311 1308 1810 
1513 101 102 376 
1514 1026 777 1737 
1515 630 629 632 
1516 1096 1095 1628 
1517 1158 1174 1285 
1518 1042 1043 1220 
1519 1042 1552 1837 
1520 1095 1093 1097 
1521 1150 1148 1152 
1522 777 1679 1737 
1523 491 478 792 
1524 1652 615 1791 
1525 206 205 342 
1526 982 936 1198 
1527 430 424 1611 
1528 857 702 905 
1529 1398 1096 1628 
1530 201 721 1630 
1531 1776 727 1857 
1532 385 399 400 
1533 1167 1154 1242 
1534 1167 1242 1243 
1535 516 793 1792 
1536 1153 1154 1166 
1537 1700 1701 1702 
1538 1088 1086 1089 
1539 636 635 637 
1540 424 436 1611 
1541 90 779 1721 
1542 449 448 468 
1543 450 474 489 
1544 1153 1152 1154 
1545 1082 1084 1633 
1546 1244 1243 1245 
1547 1167 1243 1244 
1548 356 366 816 
1549 1559 1557 1560 
1550 581 584 1866 
1551 489 790 839 
1552 1213 982 1624 
1553 692 482 1705 
1554 149 1641 1644 
1555 1221 1043 1439 
1556 1084 1086 1088 
1557 202 203 1594 
1558 557 723 1835 
1559 1404 1022 1512 
1560 935 841 936 
1561 142 1731 1732 
1562 1705 482 1994 
1563 376 102 1634 
1564 1641 1642 1643 
1565 636 637 638 
1566 994 1180 1656 
1567 1724 1239 1725 
1568 356 365 366 
1569 633 632 634 
1570 1727 1238 1784 
1571 981 936 982 
1572 927 928 1759 
1573 2007 1088 2016 
1574 1168 1169 1761 
1575 928 1352 1759 
1576 1786 1691 1799 
1577 637 635 1631 
1578 619 620 621 
1579 638 637 639 
1580 586 583 1906 
1581 1086 1087 1620 
1582 685 702 857 
1583 1671 428 1905 
1584 1581 341 2008 
1585 134 336 1674 
1586 1263 1937 1960 
1587 149 150 1641 
1588 1061 1062 1063 
1589 1113 1111 1115 
1590 1023 390 1645 
1591 1094 1093 1095 
1592 1735 373 1736 
1593 635 634 685 
1594 1098 1097 1099 
1595 1195 1239 1724 
1596 1219 1213 1437 
1597 201 202 721 
1598 1557 1556 1663 
1599 857 905 906 
1600 1740 1743 1744 
1601 983 982 1213 
1602 494 1650 2040 
1603 705 1671 1972 
1604 728 1769 1991 
1605 609 610 611 
1606 799 821 929 
1607 1028 1354 1660 
1608 1654 1652 1791 
1609 593 595 1698 
1610 1122 1124 1126 
1611 873 1156 1713 
1612 879 880 1916 
1613 805 1799 1968 
1614 630 632 633 
1615 45 46 1757 
1616 1558 1557 1559 
1617 110 416 1625 
1618 1373 1372 1375 
1619 1169 1146 1252 
1620 1507 1437 1508 
1621 2004 609 2030 
1622 906 905 963 
1623 55 56 1607 
1624 780 1739 1744 
1625 366 384 385 
1626 1245 1275 1770 
1627 1064 1241 1342 
1628 1665 1664 1666 
1629 1688 1345 1804 
1630 1010 1009 1011 
1631 147 307 1636 
1632 473 487 488 
1633 473 471 487 
1634 358 1572 1575 
1635 1244 1245 1770 
1636 1573 1527 1574 
1637 685 686 702 
1638 385 398 399 
1639 1013 1550 1629 
1640 1169 1252 1253 
1641 489 839 937 
1642 306 50 1749 
1643 421 420 426 
1644 378 53 1640 
1645 427 759 1841 
1646 1061 1060 1062 
1647 542 543 1772 
1648 1017 1015 1505 
1649 1699 351 1700 
1650 990 938 991 
1651 100 1668 1669 
1652 769 1674 1676 
1653 1645 421 1841 
1654 776 599 1767 
1655 448 446 706 
1656 1931 506 2027 
1657 937 839 938 
1658 1098 1099 1194 
1659 705 1785 1867 
1660 421 427 1841 
1661 1089 1620 1622 
1662 1373 1375 1376 
1663 388 390 1023 
1664 1307 1808 1809 
1665 1084 1085 1086 
1666 130 131 317 
1667 469 468 799 
1668 1370 1369 1374 
1669 780 42 1739 
1670 931 808 1060 
1671 802 830 1357 
1672 1937 502 1960 
1673 906 963 964 
1674 1038 1037 1039 
1675 1058 1057 1303 
1676 638 639 640 
1677 710 1678 1679 
1678 929 821 930 
1679 878 876 1161 
1680 728 1698 1769 
1681 1076 1075 2053 
1682 383 394 1760 
1683 1161 876 1705 
1684 1156 1750 1751 
1685 799 468 821 
1686 633 634 635 
1687 1303 1057 1403 
1688 199 200 379 
1689 388 389 390 
1690 487 471 1729 
1691 1169 1253 1254 
1692 457 797 1795 
1693 1720 1060 1906 
1694 564 565 777 
1695 1010 1011 1012 
1696 1094 1095 1096 
1697 584 585 1865 
1698 326 362 815 
1699 1796 1036 1837 
1700 891 951 1036 
1701 450 489 1909 
1702 1113 1115 1116 
1703 1560 1663 1664 
1704 1664 1663 1667 
1705 710 802 1678 
1706 1700 1702 1703 
1707 1013 1011 1550 
1708 565 710 1679 
1709 972 1393 1771 
1710 1110 544 1111 
1711 1307 1304 1808 
1712 394 1044 1760 
1713 876 692 1705 
1714 640 639 641 
1715 100 101 1668 
1716 145 146 725 
1717 911 1251 1347 
1718 86 87 720 
1719 1740 1741 1742 
1720 54 55 724 
1721 543 546 1772 
1722 1813 1814 1815 
1723 683 645 1752 
1724 44 45 1745 
1725 143 144 333 
1726 147 148 307 
1727 880 878 1673 
1728 1438 1194 1462 
1729 425 430 431 
1730 95 373 1735 
1731 492 488 493 
1732 421 426 427 
1733 937 938 990 
1734 270 357 1814 
1735 407 413 420 
1736 1560 1664 1665 
1737 1247 1764 1915 
1738 1700 351 1701 
1739 381 387 388 
1740 616 615 617 
1741 390 404 407 
1742 663 681 1801 
1743 491 841 935 
1744 273 813 1775 
1745 488 487 1650 
1746 1056 929 1057 
1747 1304 1303 1808 
1748 407 420 421 
1749 443 442 444 
1750 1021 1503 1504 
1751 1823 1105 1860 
1752 427 426 438 
1753 5 355 356 
1754 1064 1240 1241 
1755 695 480 1750 
1756 819 456 1843 
1757 542 1772 1773 
1758 931 1060 1061 
1759 1685 1686 1687 
1760 356 355 365 
1761 1064 1342 1646 
1762 1778 1201 1779 
1763 1082 1083 1084 
1764 1254 1253 1255 
1765 941 868 1822 
1766 1112 1111 1113 
1767 1086 1085 1087 
1768 52 53 378 
1769 449 468 469 
1770 934 1209 1210 
1771 439 438 440 
1772 1739 353 1740 
1773 685 634 686 
1774 41 780 1805 
1775 633 635 636 
1776 1097 1697 1946 
1777 85 86 1623 
1778 1075 1070 1919 
1779 641 684 1728 
1780 942 941 1155 
1781 1245 1246 1274 
1782 1342 1241 1513 
1783 564 777 1025 
1784 871 695 1750 
1785 561 563 564 
1786 1306 1304 1307 
1787 429 428 442 
1788 963 1091 1410 
1789 991 938 1196 
1790 990 991 992 
1791 1245 1274 1275 
1792 1373 1376 1425 
1793 804 1355 1766 
1794 154 1215 1754 
1795 839 910 1688 
1796 420 413 432 
1797 98 99 305 
1798 1025 777 1026 
1799 493 488 494 
1800 452 476 490 
1801 1219 1437 1507 
1802 1708 1566 1709 
1803 1156 871 1750 
1804 1116 1117 1328 
1805 789 549 1781 
1806 1145 1146 1168 
1807 1098 1194 1438 
1808 88 352 1689 
1809 427 438 439 
1810 93 94 1733 
1811 1802 722 1803 
1812 407 404 413 
1813 797 1065 1795 
1814 1253 1252 1755 
1815 1252 1146 1602 
1816 1740 1742 1743 
1817 493 494 495 
1818 992 991 1212 
1819 1034 1201 1778 
1820 583 582 1906 
1821 598 776 1030 
1822 92 351 1699 
1823 1145 1144 1146 
1824 983 1213 1219 
1825 152 153 717 
1826 935 936 981 
1827 556 557 1835 
1828 498 1823 1860 
1829 94 95 1735 
1830 429 442 443 
1831 1030 776 1031 
1832 981 982 983 
1833 1194 1195 1724 
1834 490 791 840 
1835 1657 1180 1659 
1836 611 612 613 
1837 436 437 454 
1838 1142 1140 1144 
1839 95 96 373 
1840 764 1541 2055 
1841 1739 1740 1744 
1842 645 643 1752 
1843 489 474 790 
1844 712 1766 1767 
1845 390 389 404 
1846 487 1729 1914 
1847 1033 1353 1782 
1848 584 1672 1866 
1849 642 641 643 
1850 640 641 642 
1851 619 617 620 
1852 874 875 1920 
1853 381 388 1619 
1854 1030 1031 1032 
1855 1619 1023 2056 
1856 1224 1212 1436 
1857 366 365 384 
1858 87 88 1689 
1859 599 712 1767 
1860 1089 1086 1620 
1861 1116 1328 1394 
1862 1242 1154 1606 
1863 467 465 485 
1864 151 152 1618 
1865 1709 1566 1710 
1866 1410 1091 1411 
1867 494 488 1650 
1868 467 485 486 
1869 1055 940 1197 
1870 1740 353 1741 
1871 1064 1062 1240 
1872 51 52 1747 
1873 51 1747 1749 
1874 366 385 1756 
1875 200 201 1630 
1876 1202 1028 1660 
1877 1116 1115 1117 
1878 440 704 1843 
1879 1357 830 1358 
1880 109 110 1625 
1881 108 109 845 
1882 940 840 1682 
1883 774 891 1796 
1884 996 994 1656 
1885 875 873 1713 
1886 1290 1078 1402 
1887 1032 1031 1033 
1888 1578 1576 1579 
1889 1212 991 1762 
1890 53 54 1640 
1891 643 1728 1752 
1892 968 967 1009 
1893 1291 1290 1806 
1894 1008 1006 1408 
1895 473 488 492 
1896 1294 1806 1807 
1897 1905 434 1912 
1898 1274 1246 1516 
1899 641 639 684 
1900 146 147 1636 
1901 1337 1232 1840 
1902 1701 1733 1734 
1903 472 471 473 
1904 909 727 1776 
1905 1310 1308 1311 
1906 129 130 1883 
1907 148 149 1644 
1908 1126 1124 1127 
1909 1032 1033 1034 
1910 142 143 1731 
1911 388 387 389 
1912 994 989 1180 
1913 1028 1026 1354 
1914 855 972 1771 
1915 352 89 1721 
1916 839 790 910 
1917 454 455 478 
1918 569 567 570 
1919 1245 1243 1246 
1920 677 675 1857 
1921 991 1196 1762 
1922 1425 1376 1426 
1923 1294 1291 1806 
1924 90 91 779 
1925 398 403 718 
1926 1034 1033 1201 
1927 444 442 705 
1928 299 722 1802 
1929 1045 556 1046 
1930 92 93 351 
1931 717 153 1754 
1932 549 551 1781 
1933 1078 927 1759 
1934 870 868 941 
1935 1055 1197 1407 
1936 1929 540 1954 
1937 927 820 928 
1938 873 871 1156 
1939 912 1511 1544 
1940 1352 1189 1422 
1941 1194 1099 1195 
1942 1093 514 1697 
1943 1414 1014 1582 
1944 1781 1045 1881 
1945 611 610 612 
1946 1092 1093 1094 
1947 798 462 820 
1948 570 567 1794 
1949 1560 1557 1663 
1950 804 832 1355 
1951 1537 1436 1538 
1952 1036 951 1037 
1953 1725 1239 1726 
1954 798 820 927 
1955 183 184 743 
1956 813 272 1813 
1957 546 805 1772 
1958 776 1767 1844 
1959 643 641 1728 
1960 459 457 1795 
1961 566 495 1798 
1962 647 683 1787 
1963 473 492 1707 
1964 445 444 462 
1965 988 964 989 
1966 712 804 1766 
1967 814 141 1732 
1968 1577 1576 1578 
1969 1182 1034 1778 
1970 925 819 926 
1971 396 405 408 
1972 89 90 1721 
1973 441 440 456 
1974 505 486 506 
1975 807 618 984 
1976 1056 1057 1058 
1977 852 853 855 
1978 1202 1660 1661 
1979 443 444 445 
1980 1765 63 1846 
1981 1243 1242 1777 
1982 675 1605 1857 
1983 1911 1751 1975 
1984 394 395 396 
1985 1543 819 1843 
1986 939 840 940 
1987 1188 855 1771 
1988 385 384 398 
1989 567 566 1794 
1990 1051 1050 1052 
1991 561 564 1632 
1992 1298 1295 1816 
1993 462 444 1867 
1994 1177 1114 1367 
1995 91 92 1699 
1996 497 495 566 
1997 921 846 954 
1998 1308 1307 1810 
1999 972 1361 1393 
2000 914 970 1081 
2001 493 495 496 
2002 644 643 645 
2003 554 1045 1781 
2004 497 566 567 
2005 1058 1303 1304 
2006 554 555 556 
2007 1054 940 1055 
2008 440 438 704 
2009 408 414 422 
2010 595 598 1698 
2011 1474 1168 1761 
2012 598 599 776 
2013 1004 1002 1409 
2014 806 590 846 
2015 928 1189 1352 
2016 43 353 1739 
2017 383 393 394 
2018 855 853 972 
2019 1462 1194 1724 
2020 886 1082 1956 
2021 797 456 819 
2022 1079 1078 1290 
2023 968 1009 1010 
2024 463 462 798 
2025 1352 1422 1476 
2026 556 555 557 
2027 944 942 1858 
2028 346 237 1821 
2029 609 608 610 
2030 806 846 921 
2031 495 494 1798 
2032 1000 998 1179 
2033 588 590 806 
2034 799 929 1056 
2035 436 454 1938 
2036 1347 1251 1348 
2037 564 563 565 
2038 554 556 1045 
2039 1035 1034 1182 
2040 995 994 996 
2041 1602 504 1992 
2042 1526 1528 1529 
2043 992 1212 1224 
2044 886 949 1082 
2045 900 933 934 
2046 1293 1291 1294 
2047 1307 1809 1810 
2048 496 495 497 
2049 1048 1340 1788 
2050 439 440 441 
2051 852 851 853 
2052 1065 925 1066 
2053 884 879 1916 
2054 1306 1307 1308 
2055 364 383 1760 
2056 642 643 644 
2057 400 402 1024 
2058 557 559 723 
2059 1591 1866 1889 
2060 1063 1064 1646 
2061 141 142 1732 
2062 797 819 925 
2063 422 414 434 
2064 1866 1672 1889 
2065 1328 1117 1547 
2066 976 1385 1389 
2067 840 791 911 
2068 1045 1046 1047 
2069 504 486 505 
2070 81 82 324 
2071 733 235 1830 
2072 1813 271 1814 
2073 1535 1557 1558 
2074 1067 1066 1289 
2075 99 100 1669 
2076 347 213 1820 
2077 32 33 323 
2078 546 548 805 
2079 1258 1257 1259 
2080 646 645 647 
2081 966 967 968 
2082 1235 1182 1406 
2083 595 597 598 
2084 46 47 374 
2085 647 645 683 
2086 1049 921 1050 
2087 891 1036 1796 
2088 1232 1231 1840 
2089 41 42 780 
2090 1036 1038 1837 
2091 273 272 813 
2092 535 533 536 
2093 1047 1046 1048 
2094 1255 1253 1256 
2095 551 553 554 
2096 505 506 507 
2097 1107 1105 1823 
2098 993 989 994 
2099 416 1522 1625 
2100 457 456 797 
2101 1745 45 1757 
2102 408 405 414 
2103 548 789 1786 
2104 1257 1256 1845 
2105 1319 1316 1856 
2106 1195 1238 1239 
2107 1111 544 1684 
2108 103 104 719 
2109 1717 1227 1718 
2110 1048 1068 1340 
2111 1275 1274 2025 
2112 1053 1052 1204 
2113 490 840 939 
2114 966 909 967 
2115 1049 1050 1051 
2116 490 476 791 
2117 1255 1256 1257 
2118 388 1023 1619 
2119 554 553 555 
2120 491 935 1938 
2121 1289 1066 1401 
2122 1691 1360 1692 
2123 793 518 1677 
2124 928 1059 1189 
2125 88 89 352 
2126 340 274 1775 
2127 43 44 353 
2128 456 440 1843 
2129 38 39 339 
2130 49 50 306 
2131 1259 1322 1819 
2132 906 964 988 
2133 713 899 900 
2134 509 507 532 
2135 406 1685 1836 
2136 1053 1204 1205 
2137 483 1795 1951 
2138 406 401 1685 
2139 1685 412 1686 
2140 1314 1312 1315 
2141 1009 967 1249 
2142 732 211 1827 
2143 1187 855 1188 
2144 1027 1026 1028 
2145 1051 1052 1053 
2146 1426 1434 1435 
2147 719 1789 1790 
2148 895 896 1842 
2149 1189 1227 1717 
2150 568 567 569 
2151 442 428 1671 
2152 396 395 405 
2153 861 863 866 
2154 1072 1070 1075 
2155 1029 1028 1202 
2156 1321 1320 1359 
2157 615 613 1791 
2158 805 548 1786 
2159 1258 1259 1819 
2160 808 586 1906 
2161 1255 1257 1258 
2162 1316 1315 1856 
2163 272 271 1813 
2164 509 532 533 
2165 434 452 1912 
2166 636 716 1714 
2167 1074 1863 1894 
2168 1310 1311 1312 
2169 485 465 1926 
2170 1355 832 1356 
2171 1280 1281 1383 
2172 956 944 1287 
2173 591 593 728 
2174 274 273 1775 
2175 636 638 716 
2176 1052 1050 1453 
2177 598 1030 1698 
2178 40 41 1805 
2179 299 298 722 
2180 551 554 1781 
2181 1741 1745 1746 
2182 483 459 1795 
2183 997 996 998 
2184 1320 1048 1788 
2185 1097 1093 1697 
2186 1239 1238 1727 
2187 1297 1295 1298 
2188 1018 1020 1793 
2189 737 259 1832 
2190 461 459 483 
2191 82 83 1600 
2192 644 645 646 
2193 620 1653 1864 
2194 1237 990 1615 
2195 441 456 457 
2196 1326 1323 2012 
2197 521 520 522 
2198 588 589 590 
2199 797 925 1065 
2200 1230 1231 1232 
2201 140 141 814 
2202 649 647 1787 
2203 1047 1048 1320 
2204 102 103 1634 
2205 648 647 649 
2206 1422 1189 1717 
2207 1256 1253 1755 
2208 401 399 412 
2209 1084 1083 1085 
2210 934 1208 1209 
2211 952 974 1377 
2212 422 434 1905 
2213 394 393 395 
2214 42 43 1739 
2215 1426 1376 1434 
2216 467 486 504 
2217 1231 1838 1839 
2218 1863 838 1894 
2219 1181 1477 1493 
2220 1779 1201 1780 
2221 1321 1359 1360 
2222 713 900 1791 
2223 1224 1436 1537 
2224 806 921 1049 
2225 1035 1182 1235 
2226 1032 1034 1035 
2227 1048 1046 1068 
2228 499 484 500 
2229 1263 1823 1937 
2230 271 270 1814 
2231 479 697 699 
2232 260 737 1834 
2233 682 651 1828 
2234 613 713 1791 
2235 1318 1316 1319 
2236 700 688 727 
2237 1033 1031 1353 
2238 445 462 463 
2239 1338 1134 1339 
2240 1230 1207 1231 
2241 850 851 852 
2242 1077 927 1078 
2243 585 588 1865 
2244 1235 1406 1562 
2245 1065 1066 1067 
2246 1293 1294 1295 
2247 1197 940 1682 
2248 33 34 1601 
2249 425 424 430 
2250 1402 1078 1759 
2251 355 300 1802 
2252 806 1049 1865 
2253 999 998 1000 
2254 1539 1538 1540 
2255 993 994 995 
2256 130 317 1883 
2257 908 727 909 
2258 1237 1638 1695 
2259 1460 1435 1461 
2260 614 615 616 
2261 461 483 484 
2262 251 250 766 
2263 1340 1068 1613 
2264 1294 1807 1816 
2265 1025 1026 1027 
2266 1049 1672 1865 
2267 1231 1839 1840 
2268 508 507 509 
2269 50 51 1749 
2270 275 274 340 
2271 237 236 1821 
2272 607 608 609 
2273 1171 1107 1263 
2274 646 647 648 
2275 1238 1554 1784 
2276 1295 1294 1816 
2277 157 158 844 
2278 610 608 726 
2279 963 905 1091 
2280 234 349 1830 
2281 1234 1232 1337 
2282 467 504 1738 
2283 1170 1171 1893 
2284 1301 1299 1302 
2285 153 154 1754 
2286 326 361 362 
2287 235 234 1830 
2288 928 820 1059 
2289 1324 1325 1382 
2290 210 348 1827 
2291 718 403 952 
2292 633 636 1714 
2293 700 727 908 
2294 236 733 1821 
2295 1011 1009 1648 
2296 1537 1538 1539 
2297 988 989 993 
2298 300 299 1802 
2299 573 571 574 
2300 995 996 997 
2301 212 732 1820 
2302 1246 1243 1777 
2303 976 977 1385 
2304 1229 1207 1230 
2305 1195 1228 1238 
2306 1424 1104 1879 
2307 1426 1435 1460 
2308 343 261 1834 
2309 972 973 1361 
2310 466 465 467 
2311 505 507 508 
2312 585 587 588 
2313 262 261 343 
2314 80 81 1890 
2315 1263 1107 1823 
2316 213 212 1820 
2317 1231 1207 1838 
2318 210 209 348 
2319 726 608 1888 
2320 769 133 1674 
2321 733 1830 1831 
2322 1248 1029 1847 
2323 1297 1298 1299 
2324 534 533 535 
2325 1189 1059 1227 
2326 888 874 1920 
2327 353 44 1745 
2328 258 345 1832 
2329 1054 1055 1555 
2330 939 940 1054 
2331 1206 1205 1207 
2332 394 396 1044 
2333 234 233 349 
2334 703 859 907 
2335 1003 1002 1004 
2336 270 269 357 
2337 1207 1205 1838 
2338 1047 1320 1321 
2339 214 213 347 
2340 238 237 346 
2341 5 300 355 
2342 548 549 789 
2343 1079 1290 1291 
2344 1148 472 1707 
2345 436 415 437 
2346 497 567 568 
2347 1259 1257 1260 
2348 212 211 732 
2349 533 532 2049 
2350 850 835 851 
2351 460 459 461 
2352 258 257 345 
2353 283 282 344 
2354 1001 1000 1002 
2355 211 210 1827 
2356 31 32 1891 
2357 472 473 1707 
2358 278 277 338 
2359 926 819 1543 
2360 293 292 358 
2361 295 294 736 
2362 297 296 341 
2363 236 235 733 
2364 1106 1105 1107 
2365 241 240 370 
2366 260 259 737 
2367 1260 1257 1845 
2368 427 439 759 
2369 458 457 459 
2370 642 644 823 
2371 401 412 1685 
2372 598 597 599 
2373 477 696 1957 
2374 590 589 591 
2375 646 708 1868 
2376 1116 1394 1768 
2377 1230 1232 1233 
2378 1259 1261 1322 
2379 1233 1232 1234 
2380 1202 1661 1662 
2381 852 855 1187 
2382 441 458 1861 
2383 1209 1443 1444 
2384 623 621 680 
2385 650 649 651 
2386 499 500 501 
2387 546 547 548 
2388 649 1787 1828 
2389 1077 1078 1079 
2390 1053 1205 1206 
2391 950 888 1193 
2392 259 258 1832 
2393 799 1056 1729 
2394 261 260 1834 
2395 1103 1101 1105 
2396 850 852 1825 
2397 965 909 966 
2398 616 618 807 
2399 1170 1107 1171 
2400 280 279 822 
2401 498 484 499 
2402 1115 1111 1684 
2403 1080 1191 1913 
2404 1230 1233 1880 
2405 1361 1362 1364 
2406 1386 1388 1390 
2407 133 134 1674 
2408 1375 1372 1463 
2409 744 129 1883 
2410 1187 1188 1378 
2411 719 104 1789 
2412 1690 1360 1691 
2413 469 799 1729 
2414 630 633 1714 
2415 1150 1152 1153 
2416 1855 838 1863 
2417 974 975 976 
2418 1062 1060 1720 
2419 1195 1099 1228 
2420 154 155 1215 
2421 834 835 850 
2422 705 442 1671 
2423 1309 1308 1310 
2424 1468 1461 1469 
2425 972 853 973 
2426 1206 1207 1229 
2427 1259 1260 1261 
2428 569 570 571 
2429 1460 1461 1467 
2430 67 68 1874 
2431 577 575 578 
2432 1046 556 1835 
2433 651 649 1828 
2434 967 909 1776 
2435 1467 1468 1494 
2436 837 808 931 
2437 1117 1115 1929 
2438 644 646 1868 
2439 509 533 534 
2440 739 838 1862 
2441 1322 1323 1324 
2442 543 541 544 
2443 1233 1639 1880 
2444 1082 949 1083 
2445 852 1187 1825 
2446 1201 1033 1782 
2447 539 537 540 
2448 1467 1461 1468 
2449 1305 1304 1306 
2450 908 909 965 
2451 1061 1063 1431 
2452 834 786 835 
2453 1103 1105 1106 
2454 997 998 999 
2455 1027 1028 1029 
2456 241 370 1859 
2457 820 462 1867 
2458 785 786 834 
2459 1225 1096 1226 
2460 985 984 1396 
2461 81 324 1890 
2462 838 1855 1862 
2463 1233 1234 1551 
2464 253 7 1887 
2465 702 703 1824 
2466 786 739 1862 
2467 737 1832 1833 
2468 874 873 875 
2469 1849 1848 1850 
2470 948 884 1192 
2471 727 688 1857 
2472 187 188 812 
2473 854 1848 1849 
2474 660 662 788 
2475 1012 1014 1414 
2476 851 835 854 
2477 937 990 1237 
2478 895 397 896 
2479 565 709 710 
2480 648 649 650 
2481 785 739 786 
2482 1106 1107 1170 
2483 710 801 802 
2484 1314 1315 1316 
2485 738 739 785 
2486 1029 1202 1847 
2487 1261 1260 1542 
2488 1852 1850 1855 
2489 72 73 1884 
2490 688 677 1857 
2491 1105 1101 1860 
2492 1549 1117 1929 
2493 613 612 713 
2494 1238 1228 1554 
2495 461 484 498 
2496 835 786 1848 
2497 458 459 460 
2498 452 490 1912 
2499 121 122 1877 
2500 802 829 830 
2501 131 132 1563 
2502 461 498 1860 
2503 620 1652 1653 
2504 441 457 458 
2505 689 701 738 
2506 193 194 375 
2507 1171 1265 1893 
2508 872 871 873 
2509 738 701 739 
2510 739 701 838 
2511 908 1074 1894 
2512 1849 1850 1851 
2513 1021 1019 1503 
2514 460 461 1860 
2515 588 587 589 
2516 990 992 1615 
2517 798 1077 1926 
2518 1053 1206 1889 
2519 564 1025 1632 
2520 256 255 754 
2521 489 937 1909 
2522 625 623 1651 
2523 1855 1850 1862 
2524 1851 1850 1852 
2525 689 700 701 
2526 1672 1051 1889 
2527 1848 786 1862 
2528 986 1135 1283 
2529 1049 1051 1672 
2530 646 648 708 
2531 798 927 1077 
2532 667 665 760 
2533 1468 1469 1470 
2534 1850 1848 1862 
2535 679 689 1875 
2536 1247 1029 1248 
2537 458 1100 1861 
2538 548 547 549 
2539 700 908 1894 
2540 1292 1291 1293 
2541 653 651 682 
2542 912 792 1511 
2543 330 364 817 
2544 1173 1104 1424 
2545 823 644 1868 
2546 1240 1720 1783 
2547 32 323 1891 
2548 900 899 933 
2549 1794 1313 2062 
2550 1068 1046 1835 
2551 968 1010 1415 
2552 1361 973 1362 
2553 629 627 631 
2554 1322 1261 1323 
2555 1184 915 1284 
2556 689 688 700 
2557 854 835 1848 
2558 957 895 1842 
2559 663 661 681 
2560 702 686 703 
2561 838 701 1894 
2562 934 933 1208 
2563 292 291 1546 
2564 999 1000 1001 
2565 499 501 502 
2566 122 123 314 
2567 1102 1101 1103 
2568 1072 1075 1076 
2569 1465 1170 1893 
2570 557 558 559 
2571 891 920 951 
2572 1324 1323 1325 
2573 330 363 364 
2574 1925 485 1926 
2575 1114 1113 1768 
2576 1321 1360 1690 
2577 1456 1166 1472 
2578 952 953 974 
2579 126 127 316 
2580 973 853 1907 
2581 879 878 880 
2582 466 467 1738 
2583 1005 1004 1006 
2584 217 216 369 
2585 190 191 334 
2586 1741 353 1745 
2587 785 834 836 
2588 1726 1239 1727 
2589 1513 1241 1515 
2590 690 679 1875 
2591 1229 1230 1880 
2592 689 738 1875 
2593 77 78 322 
2594 117 118 309 
2595 166 167 310 
2596 679 677 688 
2597 242 241 1859 
2598 561 562 563 
2599 169 170 371 
2600 172 173 313 
2601 611 613 614 
2602 1385 977 1386 
2603 162 163 302 
2604 185 186 335 
2605 196 197 308 
2606 174 175 753 
2607 1287 944 1858 
2608 24 25 319 
2609 115 116 740 
2610 113 114 301 
2611 1296 1295 1297 
2612 26 27 751 
2613 124 125 747 
2614 134 135 336 
2615 136 137 741 
2616 138 139 337 
2617 1547 1117 1549 
2618 773 695 871 
2619 28 29 321 
2620 75 76 750 
2621 176 177 315 
2622 804 831 832 
2623 1051 1053 1889 
2624 559 560 561 
2625 908 965 1074 
2626 65 66 1873 
2627 588 806 1865 
2628 1042 1220 1552 
2629 679 688 689 
2630 398 384 403 
2631 1233 1551 1639 
2632 66 67 746 
2633 518 796 1677 
2634 1262 1905 1912 
2635 68 69 311 
2636 1390 1388 1391 
2637 1100 460 1101 
2638 1591 1229 1722 
2639 64 65 303 
2640 490 939 1912 
2641 73 74 320 
2642 1045 1047 1881 
2643 364 382 383 
2644 817 364 1760 
2645 428 422 1905 
2646 686 634 1971 
2647 774 889 891 
2648 1171 1263 1264 
2649 1101 460 1860 
2650 976 975 977 
2651 247 246 783 
2652 1722 1229 1880 
2653 1001 1002 1003 
2654 1209 1208 1443 
2655 965 966 1416 
2656 748 31 1891 
2657 1457 1170 1465 
2658 114 115 1870 
2659 1113 1116 1768 
2660 351 93 1733 
2661 63 64 1846 
2662 1701 351 1733 
2663 935 1236 1938 
2664 1313 1312 1314 
2665 243 242 781 
2666 573 574 575 
2667 675 673 1605 
2668 1746 1745 1757 
2669 6 329 330 
2670 956 1287 1288 
2671 781 242 1859 
2672 623 680 1651 
2673 746 67 1874 
2674 383 392 393 
2675 1300 1299 1301 
2676 463 798 1926 
2677 1206 1591 1889 
2678 117 309 1876 
2679 1140 466 1738 
2680 545 544 1110 
2681 1249 967 1776 
2682 104 105 1789 
2683 1171 1264 1265 
2684 712 803 804 
2685 1297 1300 1826 
2686 1132 1131 1134 
2687 68 311 1874 
2688 122 314 1877 
2689 1059 820 1867 
2690 847 959 1282 
2691 362 380 381 
2692 1106 1170 1457 
2693 1469 1461 1898 
2694 1364 1362 1365 
2695 599 711 712 
2696 551 552 553 
2697 29 30 1895 
2698 1071 1073 1267 
2699 492 493 1932 
2700 851 854 1907 
2701 120 121 742 
2702 857 906 1908 
2703 1047 1321 1881 
2704 434 435 452 
2705 678 679 690 
2706 1102 1103 1104 
2707 678 677 679 
2708 701 700 1894 
2709 745 80 1890 
2710 584 583 585 
2711 381 386 387 
2712 877 876 878 
2713 632 629 1774 
2714 1060 808 1906 
2715 1037 951 1952 
2716 432 433 450 
2717 572 571 573 
2718 71 72 749 
2719 1027 1029 1247 
2720 862 1159 1822 
2721 614 613 615 
2722 1325 1326 1327 
2723 301 114 1870 
2724 478 479 1882 
2725 78 79 1897 
2726 581 583 584 
2727 73 320 1884 
2728 1206 1229 1591 
2729 418 62 1765 
2730 671 687 1930 
2731 650 651 652 
2732 1027 1247 1915 
2733 1461 1435 1898 
2734 1364 1365 1405 
2735 1293 1295 1296 
2736 853 851 1907 
2737 995 997 1223 
2738 1100 1101 1102 
2739 1104 1103 1879 
2740 911 1250 1251 
2741 1325 1323 1326 
2742 1007 1006 1008 
2743 1297 1299 1300 
2744 1310 1312 1313 
2745 262 343 1917 
2746 223 222 782 
2747 1110 1111 1112 
2748 454 437 455 
2749 66 746 1873 
2750 650 824 1910 
2751 1363 973 1907 
2752 1202 1662 1847 
2753 650 652 824 
2754 726 1888 1958 
2755 755 586 808 
2756 227 226 757 
2757 303 65 1873 
2758 882 947 1120 
2759 673 671 1930 
2760 1300 1301 1730 
2761 896 397 1944 
2762 1031 776 1844 
2763 30 31 748 
2764 1780 1201 1782 
2765 116 117 1876 
2766 23 24 1872 
2767 355 1802 1970 
2768 573 575 576 
2769 1382 1325 1901 
2770 742 121 1877 
2771 458 460 1100 
2772 1338 1339 1395 
2773 79 80 745 
2774 569 571 572 
2775 749 72 1884 
2776 127 128 1871 
2777 254 253 360 
2778 115 740 1870 
2779 1192 884 1916 
2780 1999 1581 2035 
2781 105 1214 1789 
2782 1753 999 2005 
2783 1292 1293 1931 
2784 1296 1297 1826 
2785 263 262 1917 
2786 409 424 425 
2787 452 453 476 
2788 974 953 975 
2789 1160 1172 1286 
2790 648 650 1910 
2791 1306 1308 1309 
2792 1345 1270 1346 
2793 617 615 1652 
2794 1025 1027 1915 
2795 1112 1113 1114 
2796 1235 1562 1565 
2797 654 656 787 
2798 224 223 1899 
2799 322 78 1897 
2800 1001 1003 1222 
2801 1103 1106 1879 
2802 321 29 1895 
2803 478 455 479 
2804 568 569 1945 
2805 708 648 1910 
2806 771 692 876 
2807 593 594 595 
2808 870 941 942 
2809 1504 1503 1517 
2810 595 596 597 
2811 848 960 1277 
2812 557 555 558 
2813 767 809 856 
2814 1353 1031 1844 
2815 1219 1507 1509 
2816 1489 1365 1490 
2817 581 579 582 
2818 6 228 329 
2819 220 219 331 
2820 225 224 327 
2821 245 244 332 
2822 249 248 328 
2823 493 496 1932 
2824 576 575 577 
2825 546 545 547 
2826 246 245 1903 
2827 591 592 593 
2828 64 303 1846 
2829 1362 973 1363 
2830 1003 1004 1005 
2831 545 1110 1933 
2832 961 1203 1423 
2833 872 873 874 
2834 961 833 1118 
2835 1142 1144 1145 
2836 1193 888 1920 
2837 607 605 608 
2838 248 247 1900 
2839 535 536 537 
2840 454 491 1938 
2841 526 528 767 
2842 605 603 1888 
2843 713 833 899 
2844 341 1763 2008 
2845 952 403 953 
2846 1106 1457 1879 
2847 1321 1690 1881 
2848 937 1237 1909 
2849 1515 1885 1886 
2850 1227 1059 1785 
2851 664 666 825 
2852 1458 1168 1474 
2853 1317 1316 1318 
2854 988 993 1553 
2855 1102 1104 1128 
2856 1240 1783 1885 
2857 496 497 1959 
2858 950 1193 1380 
2859 1444 1443 1445 
2860 856 924 971 
2861 555 553 1869 
2862 1386 1387 1388 
2863 360 253 1887 
2864 1785 1059 1867 
2865 1079 1291 1292 
2866 1176 1429 1430 
2867 585 586 587 
2868 434 414 435 
2869 22 23 752 
2870 993 995 1896 
2871 580 579 581 
2872 1058 1304 1305 
2873 1836 1687 1988 
2874 833 612 1928 
2875 1280 1279 1281 
2876 1823 498 1937 
2877 24 319 1872 
2878 1671 1262 1972 
2879 676 677 678 
2880 105 106 1214 
2881 1120 1122 1953 
2882 247 783 1900 
2883 621 620 1864 
2884 740 116 1876 
2885 128 129 744 
2886 905 702 1824 
2887 330 329 363 
2888 603 602 1069 
2889 652 651 653 
2890 762 904 1163 
2891 1386 977 1387 
2892 1007 1541 2022 
2893 552 550 761 
2894 756 903 1157 
2895 1405 1365 1489 
2896 1132 1134 1338 
2897 922 794 1131 
2898 939 1262 1912 
2899 553 729 1869 
2900 1267 1073 1268 
2901 477 694 696 
2902 507 506 2044 
2903 603 1069 1888 
2904 862 860 1159 
2905 542 541 543 
2906 726 1958 1981 
2907 1109 329 1902 
2908 891 889 920 
2909 1241 1240 1885 
2910 549 550 551 
2911 244 243 1878 
2912 1177 1367 1397 
2913 1958 1267 1981 
2914 423 428 429 
2915 783 246 1903 
2916 755 1276 1918 
2917 547 545 1933 
2918 581 582 583 
2919 773 871 872 
2920 1069 602 1070 
2921 415 406 1836 
2922 61 62 418 
2923 847 1282 1927 
2924 316 127 1871 
2925 363 329 1109 
2926 1554 1228 1680 
2927 543 544 545 
2928 1237 1695 1909 
2929 953 403 1921 
2930 1184 1284 1447 
2931 939 1054 1262 
2932 1108 1803 1995 
2933 1314 1316 1317 
2934 951 920 1336 
2935 610 726 1928 
2936 824 1948 1949 
2937 906 988 1908 
2938 79 745 1897 
2939 676 678 828 
2940 565 563 709 
2941 667 760 1935 
2942 539 540 541 
2943 612 610 1928 
2944 30 748 1895 
2945 164 165 811 
2946 1325 1327 1901 
2947 775 698 932 
2948 995 1223 1896 
2949 549 547 550 
2950 2084 1288 2102 
2951 60 61 1943 
2952 676 675 677 
2953 756 397 895 
2954 601 531 602 
2955 1632 1025 1915 
2956 1317 1318 1567 
2957 1020 1181 1793 
2958 553 552 729 
2959 866 863 1941 
2960 1266 1279 1280 
2961 539 541 542 
2962 903 895 957 
2963 1240 1062 1720 
2964 1069 1071 1958 
2965 1024 402 1978 
2966 591 589 592 
2967 713 612 833 
2968 439 441 1861 
2969 1131 794 1982 
2970 1293 1296 1931 
2971 832 831 893 
2972 515 514 1092 
2973 1750 480 1975 
2974 599 597 711 
2975 577 579 580 
2976 403 384 1921 
2977 1268 1446 1454 
2978 395 393 411 
2979 543 545 546 
2980 538 537 539 
2981 668 670 826 
2982 710 709 801 
2983 364 363 382 
2984 804 803 831 
2985 498 499 1937 
2986 712 711 803 
2987 1549 1929 1954 
2988 606 605 607 
2989 911 791 1250 
2990 223 782 1899 
2991 432 413 433 
2992 601 602 603 
2993 392 397 756 
2994 1580 715 2066 
2995 899 833 961 
2996 450 451 474 
2997 577 578 579 
2998 329 228 1902 
2999 961 1118 1203 
3000 1128 1104 1173 
3001 563 562 1927 
3002 1266 1264 1278 
3003 975 953 1108 
3004 1071 1070 1072 
3005 1283 1135 2038 
3006 756 895 903 
3007 1888 1069 1958 
3008 503 511 512 
3009 1550 1011 1648 
3010 243 781 1878 
3011 383 382 392 
3012 1208 933 1211 
3013 332 244 1878 
3014 585 583 586 
3015 962 1341 1366 
3016 756 1157 1904 
3017 824 652 1948 
3018 1157 903 1162 
3019 1283 2004 2030 
3020 867 864 868 
3021 1077 1925 1926 
3022 1388 1387 1581 
3023 961 1423 1934 
3024 559 558 560 
3025 1277 960 1344 
3026 392 382 397 
3027 1268 1073 1446 
3028 327 224 1899 
3029 1118 833 1928 
3030 1515 1241 1885 
3031 328 248 1900 
3032 561 560 562 
3033 886 918 949 
3034 128 744 1871 
3035 657 655 764 
3036 228 227 1902 
3037 1099 1097 1946 
3038 604 603 605 
3039 569 572 1945 
3040 802 801 829 
3041 625 1651 1892 
3042 755 808 837 
3043 1069 1070 1071 
3044 837 931 945 
3045 1335 1037 1952 
3046 1423 1203 1495 
3047 595 594 596 
3048 1071 1072 1073 
3049 761 550 1933 
3050 1005 1006 1007 
3051 245 332 1903 
3052 772 885 886 
3053 1102 1128 1963 
3054 755 837 1276 
3055 1282 959 1343 
3056 1553 993 1896 
3057 497 568 1959 
3058 864 862 1822 
3059 535 537 538 
3060 608 605 1888 
3061 499 502 1937 
3062 593 592 594 
3063 1181 1493 1793 
3064 1605 673 1930 
3065 830 829 892 
3066 752 23 1872 
3067 674 673 675 
3068 1115 1684 1929 
3069 264 263 768 
3070 1653 1652 1654 
3071 674 675 676 
3072 831 803 902 
3073 922 1131 1132 
3074 16 17 1923 
3075 18 19 1924 
3076 988 1553 1908 
3077 671 669 687 
3078 1265 1264 1266 
3079 17 18 758 
3080 19 20 312 
3081 470 471 472 
3082 15 16 304 
3083 1135 1175 1176 
3084 774 775 889 
3085 1122 1126 1953 
3086 919 1331 1351 
3087 425 431 1719 
3088 551 550 552 
3089 1272 923 1723 
3090 431 447 765 
3091 471 469 1729 
3092 897 391 898 
3093 596 594 800 
3094 606 607 707 
3095 620 617 1652 
3096 1267 1268 1940 
3097 587 586 755 
3098 697 698 774 
3099 774 698 775 
3100 759 439 1861 
3101 414 405 1911 
3102 1071 1267 1958 
3103 384 365 1921 
3104 12 13 419 
3105 877 878 879 
3106 919 888 950 
3107 1128 1173 1273 
3108 393 392 1904 
3109 601 603 604 
3110 452 435 453 
3111 1108 953 1921 
3112 1039 1037 1335 
3113 948 1192 1379 
3114 503 501 510 
3115 1185 1450 1452 
3116 652 653 654 
3117 1336 920 1350 
3118 389 387 410 
3119 358 1575 1693 
3120 960 915 1184 
3121 589 587 1918 
3122 1108 1921 1970 
3123 1336 1350 1419 
3124 634 632 1971 
3125 696 694 1956 
3126 848 915 960 
3127 558 555 1869 
3128 1023 1645 2043 
3129 604 605 606 
3130 604 606 810 
3131 1769 1035 1991 
3132 1054 1555 1972 
3133 848 800 915 
3134 935 981 1236 
3135 887 874 888 
3136 1432 1063 1646 
3137 387 386 1969 
3138 1351 1331 1418 
3139 298 297 1999 
3140 597 596 1950 
3141 955 944 956 
3142 1273 1173 1649 
3143 872 874 887 
3144 596 800 848 
3145 918 885 1119 
3146 771 876 877 
3147 889 775 890 
3148 476 453 477 
3149 772 695 773 
3150 1921 365 1970 
3151 392 756 1904 
3152 562 847 1927 
3153 764 655 1967 
3154 518 519 796 
3155 1798 1309 2054 
3156 1928 726 1981 
3157 363 1109 1944 
3158 711 597 1950 
3159 629 631 1774 
3160 1184 1447 1448 
3161 654 787 1948 
3162 848 1277 1950 
3163 504 505 1992 
3164 1094 1096 1225 
3165 672 674 827 
3166 587 755 1918 
3167 362 361 380 
3168 1056 1058 1914 
3169 768 263 1917 
3170 1431 1063 1432 
3171 1264 1263 1960 
3172 508 509 2006 
3173 519 517 520 
3174 1344 960 1939 
3175 486 485 2027 
3176 416 1521 1522 
3177 960 1184 1939 
3178 1795 1065 1951 
3179 1203 1118 1940 
3180 396 408 1985 
3181 1077 1079 1925 
3182 886 885 918 
3183 1120 1121 1122 
3184 1132 1338 1392 
3185 1085 1083 1334 
3186 1147 472 1148 
3187 1139 466 1140 
3188 1274 1516 2037 
3189 672 673 674 
3190 694 480 695 
3191 227 757 1902 
3192 632 1774 1971 
3193 1450 1186 1451 
3194 792 478 1882 
3195 1278 1264 1960 
3196 1176 1175 1429 
3197 550 547 1933 
3198 381 380 386 
3199 464 465 466 
3200 951 1336 1952 
3201 552 761 1936 
3202 2025 1274 2037 
3203 919 950 1331 
3204 1158 1285 2078 
3205 411 393 1904 
3206 1044 396 1985 
3207 602 531 1919 
3208 562 794 847 
3209 672 671 673 
3210 1163 904 1164 
3211 1266 1278 1279 
3212 1070 602 1919 
3213 1957 696 2007 
3214 465 463 1926 
3215 709 563 1927 
3216 479 481 697 
3217 562 560 794 
3218 1007 1008 1090 
3219 513 511 514 
3220 762 897 904 
3221 531 530 1919 
3222 1065 1067 1951 
3223 1091 905 1824 
3224 694 695 772 
3225 943 942 944 
3226 464 466 1139 
3227 1058 1305 1914 
3228 887 888 919 
3229 435 414 1911 
3230 1343 959 1381 
3231 653 682 1967 
3232 697 481 698 
3233 1035 1235 1991 
3234 423 422 428 
3235 529 531 600 
3236 529 527 530 
3237 762 1163 1969 
3238 519 520 521 
3239 652 654 1948 
3240 423 429 1797 
3241 1383 1281 1384 
3242 1525 1524 1526 
3243 397 382 1944 
3244 402 409 1978 
3245 918 1119 1332 
3246 1190 971 1421 
3247 1228 1099 1946 
3248 1262 1054 1972 
3249 847 922 959 
3250 1339 1134 2036 
3251 654 653 655 
3252 917 1329 1349 
3253 477 453 480 
3254 502 501 503 
3255 681 1800 1801 
3256 904 897 958 
3257 503 510 511 
3258 529 530 531 
3259 326 325 361 
3260 858 686 1971 
3261 955 956 1218 
3262 609 611 2030 
3263 772 773 885 
3264 829 801 901 
3265 429 443 763 
3266 847 794 922 
3267 600 531 601 
3268 382 363 1944 
3269 1079 1292 1925 
3270 1953 1126 2060 
3271 1960 502 2002 
3272 437 415 1836 
3273 773 872 1942 
3274 1211 933 1934 
3275 762 391 897 
3276 1175 987 1459 
3277 680 621 1864 
3278 1100 1102 1963 
3279 767 528 809 
3280 477 480 694 
3281 1007 1090 1541 
3282 365 355 1970 
3283 1120 947 1121 
3284 596 848 1950 
3285 408 422 423 
3286 770 881 882 
3287 943 955 1200 
3288 592 589 1918 
3289 856 809 924 
3290 868 864 1822 
3291 1284 915 2020 
3292 1118 1928 1981 
3293 654 655 656 
3294 1203 1940 1974 
3295 1940 1268 1974 
3296 1729 1056 1914 
3297 1137 1177 1178 
3298 1268 1454 1974 
3299 470 469 471 
3300 869 868 870 
3301 729 552 1936 
3302 978 946 1368 
3303 872 887 1942 
3304 542 1773 2014 
3305 431 765 1719 
3306 1184 1448 1939 
3307 409 425 1978 
3308 1158 1143 1174 
3309 882 916 947 
3310 920 889 1955 
3311 538 539 2014 
3312 696 1633 2007 
3313 1861 1100 1963 
3314 59 60 843 
3315 479 455 481 
3316 627 625 1892 
3317 476 477 1957 
3318 933 899 1934 
3319 917 884 948 
3320 1135 987 1175 
3321 1387 977 1995 
3322 470 472 1147 
3323 986 987 1135 
3324 772 886 1956 
3325 450 433 451 
3326 600 601 1922 
3327 1130 1129 1138 
3328 795 849 923 
3329 1137 1114 1177 
3330 2078 1285 2079 
3331 969 913 1199 
3332 1706 1705 1994 
3333 865 864 867 
3334 505 508 1992 
3335 1323 1261 2012 
3336 670 671 672 
3337 1092 1094 1965 
3338 943 944 955 
3339 1122 1123 1124 
3340 791 476 1957 
3341 863 862 864 
3342 528 527 529 
3343 1141 1143 1158 
3344 464 463 465 
3345 512 511 513 
3346 443 445 1977 
3347 694 772 1956 
3348 889 890 1955 
3349 883 879 884 
3350 975 1108 1995 
3351 386 391 762 
3352 687 669 1935 
3353 1251 1250 2016 
3354 899 961 1934 
3355 1112 1114 1137 
3356 924 809 1129 
3357 1680 1228 1946 
3358 429 763 1797 
3359 449 469 470 
3360 534 535 2017 
3361 1963 1128 2018 
3362 1350 920 1955 
3363 606 707 1962 
3364 1511 792 1882 
3365 758 18 1924 
3366 1267 1940 1981 
3367 61 418 1943 
3368 17 758 1923 
3369 924 1129 1130 
3370 19 312 1924 
3371 304 16 1923 
3372 1495 1203 1974 
3373 999 1001 2005 
3374 445 463 464 
3375 410 387 1969 
3376 1145 1168 1458 
3377 770 692 771 
3378 1349 1329 1417 
3379 1413 1165 1420 
3380 1185 1138 1186 
3381 1667 284 2092 
3382 800 1989 2020 
3383 870 942 943 
3384 286 285 372 
3385 810 606 1962 
3386 1123 1121 1333 
3387 601 604 1922 
3388 386 762 1969 
3389 877 879 883 
3390 1130 1138 1185 
3391 800 594 1989 
3392 885 773 1942 
3393 1134 1131 2024 
3394 1119 885 1942 
3395 916 881 1136 
3396 1132 1392 1961 
3397 1153 1166 1456 
3398 474 451 475 
3399 604 810 1922 
3400 807 984 985 
3401 796 519 1966 
3402 867 868 869 
3403 670 669 671 
3404 386 380 391 
3405 1250 1957 2007 
3406 1388 1581 2008 
3407 711 1950 1997 
3408 917 948 1329 
3409 869 870 1947 
3410 922 1132 1961 
3411 1933 1110 1983 
3412 252 251 2029 
3413 179 180 714 
3414 902 803 1997 
3415 1075 1919 2031 
3416 530 2011 2031 
3417 1381 959 1961 
3418 977 975 1995 
3419 970 1165 1413 
3420 453 435 1975 
3421 882 1120 2021 
3422 865 913 914 
3423 986 985 987 
3424 790 474 1979 
3425 1235 1565 1991 
3426 1803 722 2035 
3427 735 1524 1525 
3428 807 986 2001 
3429 947 916 1330 
3430 513 515 516 
3431 703 686 858 
3432 722 298 1999 
3433 10 11 842 
3434 1122 1121 1123 
3435 1942 887 2010 
3436 287 286 1980 
3437 435 1911 1975 
3438 691 482 692 
3439 614 616 2001 
3440 1185 1186 1450 
3441 707 607 2004 
3442 1918 1276 1989 
3443 2004 1283 2038 
3444 656 657 658 
3445 959 922 1961 
3446 447 449 2009 
3447 1650 1305 2040 
3448 594 592 1989 
3449 529 600 1973 
3450 1124 1123 1125 
3451 616 807 2001 
3452 807 985 986 
3453 1134 2024 2036 
3454 1989 1276 2020 
3455 526 527 528 
3456 1250 791 1957 
3457 523 522 524 
3458 882 881 916 
3459 655 653 1967 
3460 870 943 1947 
3461 526 767 2019 
3462 480 453 1975 
3463 770 771 881 
3464 897 898 1964 
3465 865 867 913 
3466 1940 1118 1981 
3467 803 711 1997 
3468 883 884 917 
3469 607 609 2004 
3470 923 962 1723 
3471 691 770 2021 
3472 516 517 518 
3473 843 60 1943 
3474 656 655 657 
3475 691 692 770 
3476 759 1861 1963 
3477 509 534 2006 
3478 1110 1112 1983 
3479 914 969 970 
3480 865 914 1941 
3481 1141 1140 1142 
3482 592 1918 1989 
3483 943 1200 1947 
3484 475 451 482 
3485 2088 1024 2093 
3486 1149 1148 1150 
3487 910 790 1269 
3488 658 659 660 
3489 1950 1277 1997 
3490 631 627 1892 
3491 863 864 865 
3492 958 897 1964 
3493 361 325 1133 
3494 986 1283 2001 
3495 896 1944 2013 
3496 475 482 691 
3497 425 1719 1978 
3498 794 560 1982 
3499 515 1092 1986 
3500 1387 1995 2035 
3501 669 667 1935 
3502 1973 600 2028 
3503 1348 1251 2015 
3504 970 969 1165 
3505 1094 1225 1965 
3506 668 669 670 
3507 668 667 669 
3508 1119 1942 2010 
3509 1271 923 1272 
3510 1250 2007 2016 
3511 526 525 527 
3512 1278 1960 2002 
3513 901 801 1984 
3514 1841 759 2018 
3515 288 287 1647 
3516 1001 1222 2005 
3517 1136 881 1993 
3518 1261 1542 2012 
3519 1713 1156 2059 
3520 759 1963 2018 
3521 1525 1526 1527 
3522 455 437 1988 
3523 761 1933 1983 
3524 1391 1388 2008 
3525 523 525 526 
3526 560 558 1982 
3527 914 913 969 
3528 521 522 523 
3529 528 529 1973 
3530 525 524 795 
3531 475 691 693 
3532 881 771 1993 
3533 919 1351 2010 
3534 520 517 1986 
3535 861 862 863 
3536 801 709 1984 
3537 513 514 515 
3538 1305 1306 2040 
3539 408 423 1985 
3540 861 860 862 
3541 1128 1273 2018 
3542 771 877 1993 
3543 660 661 662 
3544 1112 1137 1983 
3545 658 657 659 
3546 1225 1226 2023 
3547 558 1869 1982 
3548 232 231 731 
3549 1275 2025 2042 
3550 693 691 2021 
3551 503 512 2002 
3552 1944 1109 2013 
3553 1927 1282 1984 
3554 969 1199 1996 
3555 910 1269 1270 
3556 380 361 1987 
3557 361 1133 1987 
3558 1129 809 1973 
3559 765 447 2009 
3560 481 455 1988 
3561 666 667 668 
3562 898 391 1987 
3563 2045 411 2059 
3564 2011 1271 2031 
3565 539 542 2014 
3566 666 665 667 
3567 947 1330 1998 
3568 763 443 1977 
3569 1131 1982 2024 
3570 1129 1973 2028 
3571 474 475 1979 
3572 660 659 661 
3573 502 503 2002 
3574 1925 1292 2027 
3575 437 1836 1988 
3576 1121 947 1998 
3577 709 1927 1984 
3578 2070 1157 2077 
3579 809 528 1973 
3580 887 919 2010 
3581 535 538 2017 
3582 662 661 663 
3583 1092 1965 1986 
3584 2034 1178 2068 
3585 1826 1300 2049 
3586 1149 1151 1160 
3587 530 527 2011 
3588 519 521 1966 
3589 475 693 1979 
3590 1160 1151 1172 
3591 662 663 664 
3592 516 515 517 
3593 867 869 1990 
3594 324 82 1600 
3595 445 464 1977 
3596 1139 1140 1141 
3597 523 524 525 
3598 1309 1310 2054 
3599 1165 969 1996 
3600 703 858 859 
3601 1234 1337 2025 
3602 1995 1803 2035 
3603 323 33 1601 
3604 913 867 1990 
3605 863 865 1941 
3606 664 663 665 
3607 1869 729 2024 
3608 1178 1177 1976 
3609 837 945 2026 
3610 664 665 666 
3611 1199 913 1990 
3612 2015 1251 2016 
3613 518 517 519 
3614 932 698 2047 
3615 1931 1296 2044 
3616 527 525 2011 
3617 915 800 2020 
3618 1177 1397 1976 
3619 1292 1931 2027 
3620 395 411 2045 
3621 532 1826 2049 
3622 2038 1176 2050 
3623 2018 1273 2043 
3624 391 380 1987 
3625 894 818 946 
3626 2024 729 2036 
3627 1174 1143 1428 
3628 770 882 2021 
3629 1284 2020 2026 
3630 1269 790 1979 
3631 614 2001 2030 
3632 485 1925 2027 
3633 1333 1121 1998 
3634 449 470 2009 
3635 859 858 860 
3636 1982 1869 2024 
3637 795 923 1271 
3638 1276 837 2026 
3639 1936 761 2034 
3640 2001 1283 2030 
3641 251 766 2029 
3642 611 614 2030 
3643 1911 405 2045 
3644 1983 1137 2034 
3645 423 1797 1985 
3646 1147 1148 1149 
3647 877 883 1993 
3648 286 372 1980 
3649 761 1983 2034 
3650 1234 2025 2037 
3651 1172 1151 1427 
3652 917 1349 2046 
3653 707 2038 2050 
3654 525 795 2011 
3655 2010 1351 2033 
3656 1141 1142 1143 
3657 1119 2010 2033 
3658 859 860 861 
3659 464 1139 1977 
3660 1901 1327 2032 
3661 932 2047 2063 
3662 1313 1314 2062 
3663 433 413 2051 
3664 1278 2002 2048 
3665 1279 2048 2067 
3666 1841 2018 2043 
3667 506 1931 2044 
3668 600 1922 2028 
3669 1142 1145 2000 
3670 1279 1278 2048 
3671 517 515 1986 
3672 1135 1176 2038 
3673 1138 1129 2028 
3674 276 275 2076 
3675 1988 1687 2047 
3676 1551 1234 2037 
3677 1919 530 2031 
3678 657 764 2041 
3679 1332 1119 2033 
3680 1159 860 2039 
3681 1647 287 1980 
3682 208 207 730 
3683 1581 1387 2035 
3684 707 2004 2038 
3685 1673 1161 2083 
3686 795 1271 2011 
3687 1137 1178 2034 
3688 1150 1153 2003 
3689 1751 1911 2045 
3690 1306 1309 2040 
3691 2020 1276 2026 
3692 1427 1151 2003 
3693 1966 521 2019 
3694 729 1936 2036 
3695 1141 1158 2057 
3696 1994 433 2051 
3697 470 1147 2009 
3698 1971 1774 2039 
3699 1696 983 2071 
3700 1149 1150 1151 
3701 481 1988 2047 
3702 1936 2034 2068 
3703 1023 2043 2056 
3704 1428 1143 2000 
3705 2002 512 2048 
3706 1706 1994 2051 
3707 1176 1430 2050 
3708 659 657 2041 
3709 983 1219 2071 
3710 1395 1339 2074 
3711 512 1792 2048 
3712 1296 1826 2044 
3713 1145 1458 2000 
3714 763 1977 2057 
3715 405 395 2045 
3716 1751 2045 2059 
3717 1645 1841 2043 
3718 413 404 2051 
3719 858 1971 2039 
3720 1143 1142 2000 
3721 1186 1138 2052 
3722 1300 1730 2049 
3723 1136 1993 2046 
3724 521 523 2019 
3725 1904 1157 2070 
3726 962 1366 1723 
3727 816 1756 2088 
3728 698 481 2047 
3729 523 526 2019 
3730 1153 1456 2003 
3731 1310 1313 2054 
3732 1186 2052 2061 
3733 1977 1139 2057 
3734 389 410 2075 
3735 1151 1150 2003 
3736 2068 1178 2074 
3737 2028 1922 2052 
3738 2025 1337 2042 
3739 2048 1792 2067 
3740 1993 883 2046 
3741 1604 1159 2073 
3742 1962 707 2050 
3743 1713 2070 2077 
3744 860 858 2039 
3745 946 818 1183 
3746 2052 810 2061 
3747 1209 1444 2084 
3748 883 917 2046 
3749 1138 2028 2052 
3750 2047 1687 2063 
3751 1706 2051 2075 
3752 2087 1163 2094 
3753 1713 2059 2070 
3754 2075 410 2083 
3755 1451 1186 2061 
3756 1159 2039 2073 
3757 1922 810 2052 
3758 1156 1751 2059 
3759 1273 1649 2056 
3760 765 2009 2069 
3761 317 131 1563 
3762 2023 1226 2064 
3763 1160 1286 2085 
3764 2039 1774 2073 
3765 1965 1225 2066 
3766 1075 2031 2053 
3767 1149 1160 2069 
3768 1339 2036 2068 
3769 1687 1686 2063 
3770 1541 1090 2055 
3771 817 1760 2086 
3772 1797 2078 2079 
3773 1314 1317 2062 
3774 1271 1272 2053 
3775 2009 1147 2069 
3776 715 1965 2066 
3777 2060 1126 2081 
3778 1792 793 2067 
3779 898 1987 2058 
3780 1269 1979 2060 
3781 810 1962 2061 
3782 1987 1133 2058 
3783 2062 1317 2065 
3784 1317 1567 2065 
3785 2043 1273 2056 
3786 2051 404 2075 
3787 1979 693 2060 
3788 1281 1279 2067 
3789 2031 1271 2053 
3790 693 1953 2060 
3791 1139 1141 2057 
3792 411 1904 2070 
3793 793 1677 2082 
3794 1219 1509 2071 
3795 284 283 2092 
3796 1451 2061 2072 
3797 404 389 2075 
3798 817 2086 2090 
3799 1225 2023 2066 
3800 2061 1962 2072 
3801 1155 1604 2091 
3802 1774 631 2073 
3803 2036 1936 2068 
3804 2059 411 2070 
3805 875 1713 2077 
3806 1969 1163 2087 
3807 1339 2068 2074 
3808 1157 1162 2077 
3809 275 340 2076 
3810 1178 1976 2074 
3811 1147 1149 2069 
3812 2077 1162 2080 
3813 1797 763 2078 
3814 875 2077 2080 
3815 2085 1286 2093 
3816 2057 1158 2078 
3817 1706 2075 2083 
3818 1985 1797 2079 
3819 1281 2067 2082 
3820 1044 1985 2079 
3821 1024 1978 2093 
3822 1920 875 2080 
3823 2067 793 2082 
3824 1286 2088 2093 
3825 763 2057 2078 
3826 1673 2083 2087 
3827 1962 2050 2072 
3828 2050 1430 2072 
3829 1858 1155 2097 
3830 1161 1706 2083 
3831 1270 1269 2081 
3832 1653 1210 2102 
3833 1210 1209 2084 
3834 1269 2060 2081 
3835 1384 1281 2082 
3836 1673 2087 2094 
3837 1604 2073 2091 
3838 2069 1160 2085 
3839 1044 2079 2086 
3840 1760 1044 2086 
3841 765 2069 2085 
3842 2073 631 2091 
3843 1719 765 2085 
3844 2084 1444 2101 
3845 1756 1024 2088 
3846 1858 2097 2099 
3847 1155 2091 2097 
3848 1286 1172 2095 
3849 410 1969 2087 
3850 1444 1445 2089 
3851 1163 1164 2094 
3852 2079 1285 2086 
3853 1287 1858 2099 
3854 283 344 2092 
3855 2094 1164 2096 
3856 1719 2085 2093 
3857 956 1288 2101 
3858 816 2088 2095 
3859 2083 410 2087 
3860 1285 1174 2090 
3861 631 1892 2091 
3862 880 1673 2094 
3863 1287 2099 2100 
3864 1978 1719 2093 
3865 2086 1285 2090 
3866 1288 1287 2100 
3867 880 2094 2096 
3868 1916 880 2096 
3869 2091 1892 2097 
3870 2088 1286 2095 
3871 1892 1651 2097 
3872 1288 2100 2102 
3873 1677 1506 2098 
3874 1288 2084 2101 
3875 2097 1651 2099 
3876 2082 1677 2098 
3877 2098 1400 2103 
3878 1651 680 2099 
3879 1384 2082 2098 
3880 2099 680 2100 
3881 680 1864 2100 
3882 1218 956 2101 
3883 2100 1864 2102 
3884 1864 1653 2102 
3885 1384 2098 2103 
3886 2137 1076 2177 
3887 215 214 2104 
3888 239 238 2105 
3889 985 1396 2106 
3890 1459 987 2106 
3891 1431 1433 2151 
3892 1643 1642 2153 
3893 192 193 2107 
3894 1578 1579 2124 
3895 1559 1560 2108 
3896 1532 1536 2113 
3897 660 788 2110 
3898 787 656 2109 
3899 1535 1558 2111 
3900 788 662 2112 
3901 664 825 2112 
3902 1536 1533 2111 
3903 1529 1528 2113 
3904 825 666 2114 
3905 668 826 2114 
3906 1526 1529 2115 
3907 1573 1574 2123 
3908 1574 1527 2115 
3909 826 670 2116 
3910 398 718 2117 
3911 412 399 2117 
3912 672 827 2116 
3913 1187 1378 2118 
3914 976 1389 2120 
3915 850 1825 2119 
3916 1377 974 2120 
3917 836 834 2119 
3918 1875 738 2121 
3919 785 836 2121 
3920 828 678 2122 
3921 1579 1576 2123 
3922 1390 1391 2124 
3923 676 828 2125 
3924 827 674 2125 
3925 1593 778 2126 
3926 1396 984 2126 
3927 1571 1421 2216 
3928 214 347 2104 
3929 238 346 2105 
3930 340 1775 2236 
3931 1838 2159 2357 
3932 2204 1819 2363 
3933 2203 1383 2361 
3934 2202 2042 2362 
3935 1162 903 2127 
3936 1164 904 2128 
3937 1658 371 2155 
3938 987 985 2106 
3939 978 1368 2129 
3940 784 628 2130 
3941 630 1714 2130 
3942 193 375 2107 
3943 1560 1665 2108 
3944 656 658 2109 
3945 2109 658 2110 
3946 658 660 2110 
3947 1533 1535 2111 
3948 662 664 2112 
3949 1528 1532 2113 
3950 666 668 2114 
3951 1391 1578 2124 
3952 1527 1526 2115 
3953 670 672 2116 
3954 399 398 2117 
3955 1825 1187 2118 
3956 834 850 2119 
3957 974 976 2120 
3958 1576 1573 2123 
3959 738 785 2121 
3960 678 690 2122 
3961 674 676 2125 
3962 984 1593 2126 
3963 2199 1903 2360 
3964 2133 1463 2343 
3965 1480 1483 2139 
3966 1346 1270 2132 
3967 2081 1127 2132 
3968 642 823 2133 
3969 1433 368 2154 
3970 1370 1374 2134 
3971 1463 1372 2134 
3972 1463 716 2343 
3973 903 957 2127 
3974 904 958 2128 
3975 1702 1701 2135 
3976 1742 1741 2136 
3977 14 1464 2243 
3978 1396 2126 2342 
3979 1464 304 2225 
3980 1675 336 2351 
3981 1072 1076 2137 
3982 1446 1073 2137 
3983 1447 1284 2138 
3984 2026 945 2138 
3985 1369 978 2129 
3986 2197 1689 2364 
3987 628 630 2130 
3988 2126 1368 2342 
3989 1451 1815 2200 
3990 161 162 2139 
3991 1483 1482 2131 
3992 1455 2137 2177 
3993 1040 1041 2140 
3994 1439 1043 2140 
3995 1788 2199 2360 
3996 1855 1863 2141 
3997 1270 2081 2132 
3998 784 2130 2345 
3999 1397 1600 2234 
4000 1432 1601 2235 
4001 640 642 2133 
4002 1356 832 2142 
4003 1358 830 2143 
4004 1372 1370 2134 
4005 1393 2332 2341 
4006 1568 1371 2144 
4007 845 1627 2145 
4008 1373 1425 2144 
4009 107 108 2145 
4010 156 157 2146 
4011 58 59 2147 
4012 9 10 2148 
4013 1849 1851 2157 
4014 419 1442 2181 
4015 1779 757 2232 
4016 1662 766 2233 
4017 2177 1675 2351 
4018 2132 1127 2346 
4019 2159 369 2357 
4020 1818 322 2195 
4021 1812 321 2196 
4022 741 1455 2186 
4023 339 1449 2187 
4024 160 161 2150 
4025 2130 1374 2345 
4026 1569 301 2223 
4027 1846 303 2224 
4028 1392 2197 2364 
4029 945 931 2151 
4030 1061 1431 2151 
4031 1642 377 2152 
4032 1701 1734 2135 
4033 1741 1746 2136 
4034 1492 1363 2160 
4035 1521 2132 2346 
4036 754 1465 2230 
4037 730 1472 2229 
4038 731 1474 2231 
4039 1356 2080 2280 
4040 1358 2096 2281 
4041 1073 1072 2137 
4042 1284 2026 2138 
4043 1990 869 2153 
4044 368 36 2154 
4045 170 171 2155 
4046 1659 1180 2156 
4047 989 964 2156 
4048 1833 1280 2203 
4049 1831 1258 2204 
4050 1878 781 2217 
4051 1590 812 2158 
4052 162 302 2139 
4053 812 188 2158 
4054 2080 1356 2340 
4055 2096 1358 2339 
4056 1838 1205 2159 
4057 1851 1854 2157 
4058 1204 1712 2159 
4059 1043 1040 2140 
4060 1852 1855 2141 
4061 854 1849 2160 
4062 1363 1907 2160 
4063 1127 1124 2161 
4064 1637 1218 2205 
4065 1666 344 2163 
4066 1494 1468 2163 
4067 1833 1832 2164 
4068 1831 1830 2165 
4069 1244 1770 2162 
4070 1644 1643 2166 
4071 1637 307 2166 
4072 747 1725 2226 
4073 750 1807 2227 
4074 751 1809 2228 
4075 2053 1272 2176 
4076 768 1917 2213 
4077 1406 1182 2178 
4078 1614 1248 2179 
4079 1703 901 2312 
4080 1743 902 2313 
4081 12 419 2181 
4082 842 11 2181 
4083 1395 2074 2182 
4084 832 893 2142 
4085 830 892 2143 
4086 2141 1863 2350 
4087 2147 843 2348 
4088 1471 822 2296 
4089 1466 754 2295 
4090 1473 730 2297 
4091 1475 731 2298 
4092 1328 1548 2184 
4093 1226 1398 2183 
4094 1319 1856 2185 
4095 1731 333 2212 
4096 1371 1373 2144 
4097 108 845 2145 
4098 157 844 2146 
4099 59 843 2147 
4100 10 842 2148 
4101 1817 750 2314 
4102 1811 751 2315 
4103 336 135 2186 
4104 136 741 2186 
4105 38 339 2187 
4106 1649 1173 2188 
4107 2090 1174 2190 
4108 2095 1172 2189 
4109 1420 1165 2192 
4110 1398 1628 2193 
4111 1620 1621 2194 
4112 1338 1395 2197 
4113 1562 1406 2198 
4114 1710 1566 2198 
4115 1340 1614 2199 
4116 1495 337 2222 
4117 1770 1275 2202 
4118 901 1702 2293 
4119 902 1742 2294 
4120 239 2105 2219 
4121 215 2104 2218 
4122 2013 1782 2274 
4123 2058 1660 2273 
4124 1876 309 2206 
4125 1401 1715 2207 
4126 1718 1407 2208 
4127 1212 1762 2206 
4128 1403 1616 2211 
4129 1539 1540 2207 
4130 1402 1759 2209 
4131 1352 1476 2209 
4132 1874 311 2208 
4133 1213 1624 2210 
4134 1518 1519 2211 
4135 1924 312 2210 
4136 1813 1815 2180 
4137 1208 1211 2212 
4138 417 160 2150 
4139 1400 1399 2213 
4140 1767 1766 2214 
4141 1679 1678 2215 
4142 1421 971 2216 
4143 924 1130 2216 
4144 1692 1360 2217 
4145 369 216 2218 
4146 370 240 2219 
4147 1130 1185 2220 
4148 2104 1839 2218 
4149 2105 1382 2219 
4150 1901 2174 2358 
4151 1762 1196 2168 
4152 1407 1197 2169 
4153 1289 1401 2167 
4154 1624 1198 2172 
4155 1290 1402 2170 
4156 1303 1403 2171 
4157 140 814 2222 
4158 337 139 2222 
4159 1804 1345 2223 
4160 1683 1347 2224 
4161 1599 1545 2225 
4162 1441 1464 2225 
4163 314 123 2226 
4164 124 747 2226 
4165 320 74 2227 
4166 75 750 2227 
4167 319 25 2228 
4168 26 751 2228 
4169 348 209 2229 
4170 345 257 2230 
4171 256 754 2230 
4172 208 730 2229 
4173 349 233 2231 
4174 232 731 2231 
4175 757 226 2232 
4176 225 327 2232 
4177 766 250 2233 
4178 249 328 2233 
4179 1600 83 2234 
4180 84 367 2234 
4181 35 368 2235 
4182 1601 34 2235 
4183 1429 1175 2236 
4184 1721 779 2237 
4185 1805 780 2238 
4186 1341 2064 2239 
4187 1342 1514 2241 
4188 1768 1394 2240 
4189 747 125 2242 
4190 126 316 2242 
4191 419 13 2243 
4192 824 1949 2244 
4193 741 137 2245 
4194 138 337 2245 
4195 339 39 2246 
4196 40 1805 2246 
4197 1548 1302 2195 
4198 1856 1315 2196 
4199 220 331 2247 
4200 268 734 2248 
4201 357 269 2248 
4202 145 725 2249 
4203 333 144 2249 
4204 309 118 2250 
4205 311 69 2251 
4206 312 20 2252 
4207 2015 1622 2253 
4208 197 198 2257 
4209 378 1640 2262 
4210 948 1379 2255 
4211 1125 1123 2254 
4212 950 1380 2258 
4213 916 1136 2261 
4214 1087 1085 2264 
4215 949 918 2265 
4216 2033 1351 2266 
4217 1136 2046 2260 
4218 1041 1039 2267 
4219 1952 1336 2268 
4220 725 1636 2205 
4221 931 1061 2151 
4222 1961 1392 2271 
4223 1320 1788 2272 
4224 2042 1337 2275 
4225 1819 1322 2277 
4226 1383 1384 2276 
4227 377 1618 2152 
4228 1590 2141 2350 
4229 119 1540 2250 
4230 70 1476 2251 
4231 21 1519 2252 
4232 1734 1736 2269 
4233 1746 1758 2270 
4234 1820 732 2202 
4235 1821 733 2204 
4236 1834 737 2203 
4237 1875 2121 2336 
4238 2096 1164 2281 
4239 2080 1162 2280 
4240 1712 218 2352 
4241 1563 769 2283 
4242 1211 1934 2173 
4243 1902 757 2285 
4244 2013 1109 2285 
4245 2029 766 2286 
4246 2076 340 2287 
4247 2058 1133 2286 
4248 829 901 2293 
4249 831 902 2294 
4250 230 359 2298 
4251 206 342 2297 
4252 822 279 2296 
4253 754 255 2295 
4254 278 338 2296 
4255 254 360 2295 
4256 731 231 2298 
4257 730 207 2297 
4258 1670 1669 2300 
4259 719 1790 2302 
4260 98 305 2299 
4261 724 1609 2305 
4262 373 96 2301 
4263 1747 1748 2304 
4264 49 306 2303 
4265 721 1596 2308 
4266 374 47 2307 
4267 199 379 2309 
4268 1334 1083 2306 
4269 1282 1343 2312 
4270 1277 1344 2313 
4271 901 1984 2312 
4272 902 1997 2313 
4273 77 322 2314 
4274 750 76 2314 
4275 28 321 2315 
4276 751 27 2315 
4277 1434 1376 2316 
4278 1520 1569 2317 
4279 2121 1389 2336 
4280 815 1649 2323 
4281 204 1 2320 
4282 1 9 2320 
4283 1510 6 2319 
4284 57 2 2322 
4285 2 58 2322 
4286 1561 5 2321 
4287 8 1568 2318 
4288 7 326 2323 
4289 1887 7 2323 
4290 277 8 2318 
4291 5 356 2321 
4292 4 156 2324 
4293 155 4 2324 
4294 3 107 2325 
4295 106 3 2325 
4296 6 330 2319 
4297 816 2095 2321 
4298 817 2090 2319 
4299 1386 1390 2326 
4300 718 952 2327 
4301 1948 787 2328 
4302 1393 1361 2332 
4303 783 1903 2199 
4304 1814 357 2200 
4305 1941 1081 2338 
4306 1901 2032 2174 
4307 1399 1190 2175 
4308 1920 2080 2340 
4309 1916 2096 2339 
4310 1789 1214 2353 
4311 218 217 2352 
4312 775 932 2341 
4313 946 1183 2342 
4314 716 638 2343 
4315 822 1467 2278 
4316 720 1689 2197 
4317 2174 370 2358 
4318 1074 1589 2350 
4319 322 1897 2195 
4320 321 1895 2196 
4321 787 2108 2328 
4322 2118 718 2327 
4323 1390 2122 2326 
4324 1464 1440 2243 
4325 869 1947 2153 
4326 316 1871 2193 
4327 1943 418 2194 
4328 1190 1421 2175 
4329 2032 1692 2174 
4330 36 37 2154 
4331 1618 717 2354 
4332 1081 2131 2338 
4333 1302 1818 2195 
4334 1315 1812 2196 
4335 371 170 2155 
4336 1180 989 2156 
4337 1934 1423 2173 
4338 717 1754 2192 
4339 1369 2129 2345 
4340 342 1561 2189 
4341 360 1887 2188 
4342 359 1510 2190 
4343 640 2133 2343 
4344 188 189 2158 
4345 1205 1204 2159 
4346 1434 1868 2282 
4347 1627 1626 2279 
4348 1726 1289 2167 
4349 1806 1290 2170 
4350 1196 1804 2168 
4351 1808 1303 2171 
4352 1198 1599 2172 
4353 1197 1683 2169 
4354 1907 854 2160 
4355 2332 890 2341 
4356 1710 221 2247 
4357 744 1883 2183 
4358 745 1890 2184 
4359 748 1891 2185 
4360 2176 1675 2177 
4361 1704 1343 2237 
4362 1744 1344 2238 
4363 2154 37 2187 
4364 367 1623 2182 
4365 2131 1482 2338 
4366 327 1899 2178 
4367 328 1900 2179 
4368 813 1813 2180 
4369 1124 1125 2161 
4370 896 2013 2274 
4371 898 2058 2273 
4372 1635 1244 2162 
4373 1761 1254 2165 
4374 1827 348 2162 
4375 1468 1470 2163 
4376 1893 1265 2164 
4377 1832 345 2164 
4378 1830 349 2165 
4379 307 1644 2166 
4380 1877 314 2167 
4381 1870 740 2168 
4382 1873 746 2169 
4383 1884 320 2170 
4384 1872 319 2171 
4385 1923 758 2172 
4386 814 1732 2173 
4387 1354 1964 2273 
4388 1353 1842 2274 
4389 1859 370 2174 
4390 350 1603 2175 
4391 280 822 2278 
4392 1483 2131 2201 
4393 1076 2053 2176 
4394 2221 308 2257 
4395 1182 1778 2178 
4396 1248 1847 2179 
4397 1430 1429 2180 
4398 11 12 2181 
4399 932 2333 2341 
4400 1076 2176 2177 
4401 2074 1976 2182 
4402 1435 1434 2282 
4403 1488 417 2201 
4404 1540 1538 2250 
4405 1476 1422 2251 
4406 1519 1508 2252 
4407 2064 1226 2183 
4408 1394 1328 2184 
4409 1514 1319 2185 
4410 1815 1814 2200 
4411 135 136 2186 
4412 37 38 2187 
4413 2126 778 2310 
4414 1996 1199 2354 
4415 2130 1714 2311 
4416 218 1712 2284 
4417 1173 1424 2188 
4418 1172 1427 2189 
4419 1174 1428 2190 
4420 2138 945 2191 
4421 1165 1996 2192 
4422 1990 2153 2344 
4423 1368 2126 2310 
4424 1494 281 2278 
4425 737 1833 2203 
4426 733 1831 2204 
4427 1628 1438 2193 
4428 1622 1620 2194 
4429 219 218 2284 
4430 1346 2132 2317 
4431 1636 1637 2205 
4432 1392 1338 2197 
4433 2150 1483 2201 
4434 1566 1562 2198 
4435 1788 1340 2199 
4436 1450 1451 2200 
4437 1374 2130 2311 
4438 1711 331 2284 
4439 331 219 2284 
4440 1275 2042 2202 
4441 1280 1383 2203 
4442 1258 1819 2204 
4443 1218 2089 2205 
4444 1709 1710 2247 
4445 1964 898 2273 
4446 1842 896 2274 
4447 1459 2106 2287 
4448 2133 823 2316 
4449 1436 1212 2206 
4450 1715 1539 2207 
4451 1717 1718 2208 
4452 1759 1352 2209 
4453 1437 1213 2210 
4454 1616 1518 2211 
4455 1676 1723 2283 
4456 1343 1381 2237 
4457 1344 1939 2238 
4458 1723 1366 2283 
4459 281 280 2278 
4460 1589 1590 2350 
4461 1443 1208 2212 
4462 2106 1183 2287 
4463 2103 1400 2213 
4464 2132 1521 2317 
4465 1844 1767 2214 
4466 1737 1679 2215 
4467 708 1898 2282 
4468 971 924 2216 
4469 1360 1359 2217 
4470 1790 2254 2302 
4471 2256 373 2301 
4472 2261 1670 2300 
4473 2259 374 2307 
4474 305 2263 2299 
4475 1609 2264 2305 
4476 2262 1334 2306 
4477 1748 2265 2304 
4478 306 2266 2303 
4479 1596 2267 2308 
4480 379 2268 2309 
4481 1898 1435 2282 
4482 216 215 2218 
4483 240 239 2219 
4484 1185 1452 2220 
4485 1449 2138 2191 
4486 139 140 2222 
4487 1345 1346 2223 
4488 1347 1348 2224 
4489 1545 1441 2225 
4490 123 124 2226 
4491 74 75 2227 
4492 25 26 2228 
4493 1595 2149 2330 
4494 778 1592 2310 
4495 1714 716 2311 
4496 209 208 2229 
4497 257 256 2230 
4498 233 232 2231 
4499 226 225 2232 
4500 250 249 2233 
4501 83 84 2234 
4502 34 35 2235 
4503 1175 1459 2236 
4504 1375 2133 2316 
4505 1491 1492 2349 
4506 779 1704 2237 
4507 780 1744 2238 
4508 1366 1341 2239 
4509 1367 1768 2240 
4510 1646 1342 2241 
4511 125 126 2242 
4512 13 14 2243 
4513 1199 2152 2354 
4514 1910 824 2244 
4515 137 138 2245 
4516 39 40 2246 
4517 221 220 2247 
4518 269 268 2248 
4519 144 145 2249 
4520 118 119 2250 
4521 69 70 2251 
4522 20 21 2252 
4523 1356 2142 2340 
4524 1358 2143 2339 
4525 1199 1990 2344 
4526 2159 1712 2352 
4527 417 2150 2201 
4528 1348 2015 2253 
4529 1123 1333 2254 
4530 1329 948 2255 
4531 1417 1329 2256 
4532 1329 2255 2256 
4533 308 197 2257 
4534 1331 950 2258 
4535 1331 2258 2259 
4536 1418 1331 2259 
4537 2260 1349 2263 
4538 2046 1349 2260 
4539 1330 916 2261 
4540 1748 378 2262 
4541 1349 1417 2263 
4542 1085 1334 2264 
4543 918 1332 2265 
4544 1351 1418 2266 
4545 1039 1335 2267 
4546 1336 1419 2268 
4547 375 1491 2349 
4548 1381 1961 2271 
4549 1359 1320 2272 
4550 1660 1354 2273 
4551 1782 1353 2274 
4552 1592 2129 2310 
4553 1337 1840 2275 
4554 1322 1324 2277 
4555 1384 2103 2276 
4556 716 2134 2311 
4557 1467 1494 2278 
4558 1162 2127 2280 
4559 1164 2128 2281 
4560 2153 1642 2344 
4561 1355 1356 2280 
4562 1357 1358 2281 
4563 1868 708 2282 
4564 1702 2135 2293 
4565 1742 2136 2294 
4566 769 1676 2283 
4567 1712 1711 2284 
4568 1568 2144 2318 
4569 107 2145 2325 
4570 156 2146 2324 
4571 58 2147 2322 
4572 9 2148 2320 
4573 2299 1417 2301 
4574 2303 1418 2307 
4575 1333 2289 2302 
4576 2288 1330 2300 
4577 1332 2291 2304 
4578 1335 2292 2308 
4579 2127 1355 2280 
4580 2128 1357 2281 
4581 1596 1595 2330 
4582 1109 1902 2285 
4583 1133 2029 2286 
4584 1183 2076 2287 
4585 376 1634 2289 
4586 1668 376 2288 
4587 2288 376 2289 
4588 1998 1330 2288 
4589 1609 1608 2290 
4590 306 1749 2291 
4591 1333 1998 2289 
4592 1998 2288 2289 
4593 1621 1087 2290 
4594 379 1630 2292 
4595 1332 2033 2291 
4596 1335 1952 2292 
4597 892 829 2293 
4598 893 831 2294 
4599 2289 1634 2302 
4600 1668 2288 2300 
4601 2291 1749 2304 
4602 2292 1630 2308 
4603 2191 1433 2337 
4604 255 254 2295 
4605 279 278 2296 
4606 207 206 2297 
4607 231 230 2298 
4608 1819 2277 2363 
4609 2042 2275 2362 
4610 1383 2276 2361 
4611 2129 1368 2310 
4612 1669 1668 2300 
4613 97 98 2299 
4614 97 2299 2301 
4615 1634 719 2302 
4616 96 97 2301 
4617 1640 724 2305 
4618 48 49 2303 
4619 1749 1747 2304 
4620 48 2303 2307 
4621 1083 949 2306 
4622 47 48 2307 
4623 1630 721 2308 
4624 198 199 2309 
4625 2154 2187 2337 
4626 2272 1788 2360 
4627 2135 1734 2269 
4628 2136 1746 2270 
4629 2271 1392 2364 
4630 2134 1374 2311 
4631 2244 1949 2359 
4632 1949 2328 2329 
4633 1984 1282 2312 
4634 1997 1277 2313 
4635 76 77 2314 
4636 27 28 2315 
4637 370 2219 2358 
4638 369 2218 2357 
4639 1376 1375 2316 
4640 1127 2161 2346 
4641 1521 1520 2317 
4642 1217 204 2320 
4643 1216 57 2322 
4644 338 277 2318 
4645 326 815 2323 
4646 356 816 2321 
4647 330 817 2319 
4648 1215 155 2324 
4649 1214 106 2325 
4650 2215 1678 2355 
4651 2214 1766 2356 
4652 1385 1386 2326 
4653 952 1377 2327 
4654 1949 1948 2328 
4655 2142 1193 2340 
4656 2143 1192 2339 
4657 2331 1771 2333 
4658 1771 1393 2333 
4659 1188 1771 2331 
4660 1188 2331 2335 
4661 2332 1364 2334 
4662 1361 1364 2332 
4663 1364 1405 2334 
4664 1378 1188 2335 
4665 690 1875 2336 
4666 336 2186 2351 
4667 866 1941 2338 
4668 1192 1916 2339 
4669 1193 1920 2340 
4670 2176 1272 2347 
4671 2135 892 2293 
4672 2136 893 2294 
4673 1676 1675 2347 
4674 890 775 2341 
4675 1642 2152 2344 
4676 2152 1199 2344 
4677 1368 946 2342 
4678 638 640 2343 
4679 1374 1369 2345 
4680 1522 1521 2346 
4681 1863 1074 2350 
4682 1470 1469 2359 
4683 217 369 2352 
4684 1790 1789 2353 
4685 347 1820 2362 
4686 346 1821 2363 
4687 343 1834 2361 
4688 1839 1838 2357 
4689 1382 1901 2358 
4690 1903 332 2360 
4691 1689 352 2364 
4692 2144 338 2318 
4693 2145 1214 2325 
4694 2146 1215 2324 
4695 2147 1216 2322 
4696 2148 1217 2320 
4697 2107 375 2349 
4698 369 2159 2352 
4699 2127 957 2356 
4700 2128 958 2355 
4701 1433 2154 2337 
4702 1455 2177 2351 
4703 2187 1449 2337 
4704 1621 2290 2348 
4705 2290 1608 2348 
4706 2333 1393 2341 
4707 2329 1470 2359 
4708 1949 2329 2359 
4709 2152 1618 2354 
4710 2161 1522 2346 
4711 1675 2176 2347 
4712 1449 2191 2337 
4713 2254 1333 2302 
4714 1417 2256 2301 
4715 1330 2261 2300 
4716 1418 2259 2307 
4717 2263 1417 2299 
4718 1748 2262 2306 
4719 2264 1334 2305 
4720 2265 1332 2304 
4721 2266 1418 2303 
4722 2267 1335 2308 
4723 2268 1419 2309 
4724 2186 1455 2351 
4725 2279 1790 2353 
4726 1627 2279 2353 
4727 2218 1839 2357 
4728 2219 1382 2358 
4729 957 2214 2356 
4730 958 2215 2355 
4731 1469 2244 2359 
4732 352 2271 2364 
4733 332 2272 2360 
4734 2275 347 2362 
4735 2276 343 2361 
4736 2277 346 2363