2 1 2 1796
171 497 919 660 
172 556 558 557 
173 230 799 686 
174 546 887 178 
175 550 592 498 
176 639 897 846 
177 526 588 173 
178 2 634 168 
179 498 614 550 
180 829 830 743 
181 686 924 230 
182 201 532 531 
183 846 897 179 
184 524 885 192 
185 601 806 199 
186 207 634 2 
187 625 919 497 
188 556 557 555 
189 546 922 887 
190 512 798 625 
191 39 809 603 
192 155 756 154 
193 202 838 747 
194 856 904 522 
195 91 797 90 
196 512 625 497 
197 520 612 213 
198 859 882 189 
199 31 546 178 
200 576 865 470 
201 585 926 465 
202 563 585 177 
203 603 809 510 
204 186 827 761 
205 213 626 520 
206 185 904 856 
207 17 555 183 
208 53 595 175 
209 12 573 218 
210 78 796 77 
211 199 918 601 
212 575 865 576 
213 192 873 524 
214 563 926 585 
215 235 535 239 
216 451 919 558 
217 206 753 721 
218 624 870 198 
219 175 595 536 
220 555 557 183 
221 130 799 129 
222 201 533 532 
223 751 870 624 
224 347 608 571 
225 69 719 68 
226 573 604 218 
227 68 719 190 
228 610 640 464 
229 589 591 187 
230 597 640 610 
231 551 577 553 
232 567 579 570 
233 222 581 549 
234 658 850 566 
235 49 897 530 
236 465 618 585 
237 481 614 498 
238 530 861 49 
239 459 642 578 
240 206 795 753 
241 623 882 859 
242 566 850 602 
243 809 867 510 
244 591 598 187 
245 103 806 102 
246 589 832 506 
247 19 798 636 
248 761 827 746 
249 154 756 229 
250 653 921 844 
251 558 894 451 
252 121 804 120 
253 581 958 549 
254 830 900 743 
255 120 804 200 
256 479 868 857 
257 232 621 82 
258 234 535 235 
259 187 832 589 
260 578 880 459 
261 197 891 671 
262 584 609 583 
263 784 820 211 
264 544 922 546 
265 577 578 553 
266 545 922 544 
267 195 758 749 
268 542 934 437 
269 510 867 508 
270 518 611 236 
271 630 842 818 
272 747 838 782 
273 818 913 630 
274 743 851 829 
275 29 544 30 
276 544 546 30 
277 480 857 560 
278 236 611 220 
279 219 602 564 
280 172 609 541 
281 565 933 566 
282 190 719 718 
283 537 934 538 
284 586 933 565 
285 141 812 140 
286 218 604 562 
287 540 934 537 
288 844 921 596 
289 543 950 934 
290 818 842 777 
291 594 647 382 
292 882 899 449 
293 777 889 818 
294 531 872 201 
295 196 797 91 
296 90 797 225 
297 570 956 666 
298 537 538 217 
299 234 235 220 
300 565 566 219 
301 845 911 515 
302 569 584 583 
303 753 795 786 
304 569 583 184 
305 561 563 177 
306 26 609 172 
307 173 588 41 
308 33 592 550 
309 28 537 217 
310 36 577 551 
311 22 579 567 
312 45 581 222 
313 55 234 220 
314 7 565 219 
315 636 798 512 
316 700 781 196 
317 718 720 190 
318 77 796 185 
319 30 546 31 
320 909 946 860 
321 543 934 540 
322 178 593 592 
323 592 593 498 
324 211 843 784 
325 860 946 346 
326 163 598 162 
327 605 938 210 
328 211 925 843 
329 747 915 202 
330 82 621 81 
331 584 909 609 
332 560 914 480 
333 337 950 945 
334 558 919 557 
335 945 950 543 
336 86 940 907 
337 907 940 534 
338 187 598 163 
339 510 638 603 
340 193 799 130 
341 129 799 230 
342 857 868 582 
343 525 885 524 
344 887 922 494 
345 575 576 574 
346 761 959 186 
347 843 925 525 
348 78 872 796 
349 795 855 786 
350 470 807 576 
351 254 631 630 
352 254 630 629 
353 195 961 758 
354 173 917 526 
355 623 899 882 
356 571 955 347 
357 52 595 53 
358 16 555 17 
359 11 573 12 
360 132 938 888 
361 613 942 523 
362 506 832 831 
363 547 903 179 
364 674 893 215 
365 776 975 204 
366 221 942 613 
367 204 941 776 
368 590 788 629 
369 671 891 673 
370 606 938 605 
371 199 806 103 
372 102 806 226 
373 210 607 605 
374 216 911 845 
375 666 956 815 
376 155 895 756 
377 786 855 208 
378 382 648 594 
379 208 908 786 
380 437 939 542 
381 600 806 601 
382 604 896 562 
383 246 631 243 
384 781 797 196 
385 538 934 542 
386 615 617 194 
387 771 936 931 
388 633 634 207 
389 579 956 570 
390 686 799 783 
391 193 792 783 
392 931 936 214 
393 593 887 493 
394 231 825 785 
395 671 906 197 
396 460 640 597 
397 888 938 606 
398 486 604 487 
399 654 922 545 
400 666 839 570 
401 602 976 564 
402 204 812 141 
403 140 812 227 
404 374 618 375 
405 179 903 846 
406 535 962 239 
407 783 799 193 
408 463 933 928 
409 560 857 174 
410 526 914 588 
411 600 800 226 
412 178 887 593 
413 554 555 16 
414 559 595 52 
415 572 573 11 
416 550 614 182 
417 551 552 170 
418 567 568 184 
419 564 597 181 
420 218 562 561 
421 176 575 574 
422 222 548 547 
423 574 576 221 
424 585 618 556 
425 634 920 168 
426 660 919 451 
427 673 893 674 
428 928 933 586 
429 476 865 849 
430 741 808 426 
431 716 734 722 
432 629 788 254 
433 625 798 183 
434 217 544 29 
435 597 610 181 
436 831 854 506 
437 189 882 874 
438 226 806 600 
439 723 854 811 
440 375 618 465 
441 590 629 591 
442 571 608 569 
443 533 619 532 
444 243 631 254 
445 427 631 246 
446 602 850 460 
447 591 599 598 
448 554 585 556 
449 255 944 921 
450 612 622 213 
451 557 625 183 
452 694 953 797 
453 25 609 26 
454 32 592 33 
455 15 554 16 
456 41 588 42 
457 27 537 28 
458 35 577 36 
459 39 603 40 
460 10 572 11 
461 21 579 22 
462 51 559 52 
463 44 581 45 
464 54 234 55 
465 6 565 7 
466 43 560 174 
467 37 551 170 
468 34 550 182 
469 184 583 24 
470 23 567 184 
471 57 611 176 
472 14 561 177 
473 5 613 180 
474 218 561 13 
475 9 564 181 
476 176 574 1 
477 47 547 179 
478 220 611 56 
479 221 613 4 
480 219 564 8 
481 3 574 221 
482 222 547 46 
483 200 804 803 
484 196 834 700 
485 530 897 639 
486 545 910 654 
487 548 927 902 
488 377 648 379 
489 213 622 63 
490 63 622 62 
491 587 908 208 
492 594 896 647 
493 98 893 891 
494 813 814 712 
495 18 798 19 
496 572 837 573 
497 549 927 548 
498 694 797 781 
499 235 236 220 
500 538 539 217 
501 566 602 219 
502 569 608 584 
503 38 809 39 
504 493 949 593 
505 722 734 426 
506 716 722 718 
507 20 636 171 
508 374 894 558 
509 426 808 722 
510 347 869 608 
511 827 828 746 
512 558 981 374 
513 232 937 621 
514 587 856 522 
515 718 722 720 
516 69 881 719 
517 812 975 628 
518 460 976 602 
519 180 847 586 
520 380 706 619 
521 619 706 532 
522 465 648 377 
523 379 648 382 
524 19 636 20 
525 826 947 873 
526 720 824 190 
527 169 844 559 
528 599 871 598 
529 479 857 480 
530 503 903 902 
531 208 971 587 
532 849 865 575 
533 523 847 613 
534 568 569 184 
535 551 553 552 
536 562 563 561 
537 222 549 548 
538 567 570 568 
539 554 556 555 
540 559 596 595 
541 638 917 603 
542 876 884 448 
543 811 854 203 
544 797 953 225 
545 627 812 628 
546 826 873 192 
547 442 864 858 
548 591 629 599 
549 533 620 619 
550 609 909 541 
551 521 808 741 
552 215 935 674 
553 612 623 622 
554 539 544 217 
555 235 237 236 
556 538 542 539 
557 595 944 536 
558 597 976 460 
559 71 795 206 
560 191 814 813 
561 72 795 71 
562 636 977 171 
563 785 966 231 
564 617 895 194 
565 207 635 633 
566 700 834 679 
567 619 793 380 
568 562 594 563 
569 568 571 569 
570 901 944 255 
571 934 950 437 
572 629 630 599 
573 533 621 620 
574 539 545 544 
575 235 239 237 
576 237 238 236 
577 789 791 790 
578 819 953 931 
579 204 975 812 
580 493 887 494 
581 48 897 49 
582 238 518 236 
583 170 867 809 
584 239 240 237 
585 480 637 287 
586 529 663 653 
587 239 241 240 
588 502 664 639 
589 638 643 511 
590 637 657 287 
591 433 641 316 
592 296 643 434 
593 462 645 411 
594 290 657 469 
595 396 640 460 
596 487 646 388 
597 308 642 459 
598 276 644 431 
599 434 643 638 
600 508 656 298 
601 431 649 278 
602 459 651 310 
603 316 641 318 
604 463 650 404 
605 255 652 249 
606 266 664 502 
607 477 663 529 
608 452 661 527 
609 411 645 413 
610 260 663 477 
611 355 662 356 
612 382 647 383 
613 503 659 268 
614 388 646 389 
615 469 657 637 
616 497 660 363 
617 304 655 428 
618 298 656 299 
619 293 643 296 
620 410 650 507 
621 324 654 327 
622 361 661 452 
623 283 649 479 
624 653 663 256 
625 315 651 481 
626 402 658 463 
627 268 659 269 
628 363 660 364 
629 286 657 290 
630 434 510 508 
631 452 512 497 
632 476 665 420 
633 479 480 287 
634 477 528 478 
635 639 664 478 
636 481 498 433 
637 469 526 511 
638 507 523 462 
639 469 511 292 
640 528 530 478 
641 478 664 262 
642 493 494 323 
643 321 493 323 
644 527 636 512 
645 652 653 256 
646 477 478 262 
647 260 477 262 
648 296 434 298 
649 410 507 462 
650 266 502 268 
651 392 464 394 
652 361 452 363 
653 386 486 388 
654 416 470 419 
655 486 487 388 
656 290 469 292 
657 283 479 287 
658 434 508 298 
659 394 640 396 
660 302 655 304 
661 315 481 433 
662 304 428 306 
663 333 437 335 
664 272 455 274 
665 367 451 369 
666 452 497 363 
667 502 503 268 
668 352 666 355 
669 396 460 398 
670 251 652 256 
671 283 287 284 
672 280 649 283 
673 406 650 410 
674 404 650 406 
675 278 649 280 
676 312 651 315 
677 310 651 312 
678 249 652 251 
679 315 433 316 
680 339 346 341 
681 400 658 402 
682 464 640 394 
683 274 644 276 
684 276 431 278 
685 308 459 310 
686 364 660 367 
687 269 659 272 
688 306 642 308 
689 371 374 373 
690 299 656 302 
691 247 255 249 
692 402 463 404 
693 359 661 361 
694 375 465 377 
695 389 646 392 
696 280 283 282 
697 351 666 352 
698 312 315 314 
699 290 292 291 
700 257 663 260 
701 367 660 451 
702 428 642 306 
703 410 462 411 
704 455 644 274 
705 356 662 359 
706 343 347 345 
707 321 323 322 
708 260 262 261 
709 272 659 455 
710 383 647 386 
711 452 527 512 
712 251 256 253 
713 416 419 417 
714 302 656 655 
715 406 410 408 
716 386 388 387 
717 413 645 416 
718 379 382 381 
719 348 351 350 
720 318 641 321 
721 287 657 284 
722 318 321 320 
723 419 476 420 
724 286 290 289 
725 392 646 464 
726 257 260 259 
727 434 638 510 
728 296 298 297 
729 328 667 331 
730 413 416 415 
731 352 355 354 
732 383 386 385 
733 374 375 373 
734 327 667 328 
735 359 361 360 
736 256 663 257 
737 420 665 422 
738 111 186 110 
739 77 185 76 
740 149 211 148 
741 117 212 116 
742 123 216 122 
743 88 214 87 
744 64 213 63 
745 134 210 133 
746 100 215 99 
747 161 209 160 
748 167 203 166 
749 142 204 141 
750 74 208 73 
751 108 205 107 
752 71 206 70 
753 58 207 2 
754 137 195 136 
755 152 192 151 
756 157 194 156 
757 120 200 119 
758 85 198 84 
759 92 196 91 
760 131 193 130 
761 104 199 103 
762 97 197 96 
763 126 191 125 
764 284 657 286 
765 164 187 163 
766 145 188 144 
767 61 189 60 
768 68 190 67 
769 266 268 267 
770 392 394 393 
771 283 284 282 
772 361 363 362 
773 80 201 79 
774 114 202 113 
775 477 529 528 
776 315 316 314 
777 293 296 295 
778 356 359 358 
779 90 225 89 
780 102 226 101 
781 159 223 158 
782 324 327 326 
783 106 228 105 
784 147 224 146 
785 66 233 65 
786 386 647 486 
787 331 333 332 
788 140 227 139 
789 129 230 128 
790 95 231 94 
791 154 229 153 
792 263 266 265 
793 422 665 482 
794 263 664 266 
795 83 232 82 
796 422 482 439 
797 389 392 391 
798 416 645 470 
799 359 662 661 
800 347 348 345 
801 302 304 303 
802 394 396 395 
803 321 641 493 
804 328 331 330 
805 333 335 334 
806 292 643 293 
807 469 637 526 
808 299 302 301 
809 511 643 292 
810 323 654 324 
811 351 352 350 
812 396 398 397 
813 256 257 253 
814 272 274 273 
815 410 411 408 
816 304 306 305 
817 274 276 275 
818 382 383 381 
819 290 291 289 
820 306 308 307 
821 494 654 323 
822 530 639 478 
823 321 322 320 
824 335 337 336 
825 398 400 399 
826 292 293 291 
827 269 272 271 
828 260 261 259 
829 367 369 368 
830 501 590 589 
831 323 324 322 
832 364 367 366 
833 386 387 385 
834 369 371 370 
835 400 402 401 
836 355 356 354 
837 337 339 338 
838 416 417 415 
839 262 263 261 
840 371 373 372 
841 276 278 277 
842 339 341 340 
843 308 310 309 
844 262 664 263 
845 388 389 387 
846 419 420 417 
847 241 244 243 
848 244 247 246 
849 296 297 295 
850 298 299 297 
851 341 343 342 
852 241 242 240 
853 402 404 403 
854 359 360 358 
855 327 328 326 
856 278 280 279 
857 266 267 265 
858 247 249 248 
859 310 312 311 
860 482 483 439 
861 392 393 391 
862 312 314 313 
863 361 362 360 
864 280 282 281 
865 375 377 376 
866 249 251 250 
867 404 406 405 
868 363 364 362 
869 331 332 330 
870 268 269 267 
871 284 286 285 
872 394 395 393 
873 343 345 344 
874 406 408 407 
875 333 334 332 
876 377 379 378 
877 302 303 301 
878 316 318 317 
879 396 397 395 
880 379 381 380 
881 251 253 252 
882 304 305 303 
883 590 591 589 
884 348 350 349 
885 272 273 271 
886 274 275 273 
887 335 336 334 
888 306 307 305 
889 398 399 397 
890 367 368 366 
891 286 289 288 
892 276 277 275 
893 318 320 319 
894 411 413 412 
895 337 338 336 
896 308 309 307 
897 352 354 353 
898 257 259 258 
899 400 401 399 
900 369 370 368 
901 383 385 384 
902 371 372 370 
903 413 415 414 
904 531 532 488 
905 339 340 338 
906 402 403 401 
907 375 376 373 
908 673 674 670 
909 669 672 671 
910 293 295 294 
911 356 358 357 
912 341 342 340 
913 324 326 325 
914 244 246 243 
915 278 279 277 
916 284 285 282 
917 420 422 421 
918 310 311 309 
919 247 248 246 
920 263 265 264 
921 316 317 314 
922 422 439 438 
923 312 313 311 
924 280 281 279 
925 249 250 248 
926 343 344 342 
927 389 391 390 
928 404 405 403 
929 430 491 490 
930 348 349 345 
931 615 616 466 
932 328 330 329 
933 406 407 405 
934 57 176 1 
935 40 173 41 
936 43 174 44 
937 47 179 48 
938 5 180 6 
939 17 183 18 
940 31 178 32 
941 34 182 35 
942 50 169 51 
943 9 181 10 
944 20 171 21 
945 26 172 27 
946 53 175 54 
947 37 170 38 
948 14 177 15 
949 23 184 24 
950 436 505 504 
951 242 245 240 
952 520 521 446 
953 299 301 300 
954 483 501 500 
955 453 514 513 
956 430 705 491 
957 28 217 29 
958 377 378 376 
959 352 353 350 
960 411 412 408 
961 12 218 13 
962 42 560 43 
963 36 551 37 
964 33 550 34 
965 24 583 25 
966 22 567 23 
967 627 628 468 
968 241 243 242 
969 56 611 57 
970 600 601 457 
971 13 561 14 
972 251 252 250 
973 496 515 450 
974 257 258 253 
975 286 288 285 
976 379 380 378 
977 424 677 676 
978 4 613 5 
979 383 384 381 
980 501 589 506 
981 436 708 505 
982 269 271 270 
983 364 366 365 
984 516 517 429 
985 8 564 9 
986 1 574 3 
987 46 547 47 
988 453 710 514 
989 293 294 291 
990 324 325 322 
991 318 319 317 
992 356 357 354 
993 55 220 56 
994 3 221 4 
995 7 219 8 
996 45 222 46 
997 263 264 261 
998 289 448 288 
999 415 442 414 
1000 413 414 412 
1001 320 435 319 
1002 425 685 684 
1003 389 390 387 
1004 178 592 32 
1005 177 554 15 
1006 420 421 417 
1007 717 721 715 
1008 259 444 258 
1009 172 537 27 
1010 182 577 35 
1011 40 603 173 
1012 181 572 10 
1013 350 668 349 
1014 483 500 439 
1015 171 579 21 
1016 583 609 25 
1017 385 454 384 
1018 42 588 560 
1019 360 424 358 
1020 328 329 326 
1021 169 559 51 
1022 458 690 689 
1023 716 718 717 
1024 376 709 373 
1025 174 581 44 
1026 285 704 282 
1027 299 300 297 
1028 175 234 54 
1029 332 432 330 
1030 180 565 6 
1031 422 438 421 
1032 674 695 670 
1033 438 485 421 
1034 175 536 535 
1035 269 270 267 
1036 295 430 294 
1037 395 418 393 
1038 172 541 540 
1039 364 365 362 
1040 317 707 314 
1041 372 471 429 
1042 303 425 301 
1043 273 458 271 
1044 489 633 485 
1045 471 624 516 
1046 408 701 407 
1047 668 695 349 
1048 265 436 264 
1049 391 453 390 
1050 336 443 334 
1051 349 703 345 
1052 313 495 450 
1053 412 701 408 
1054 399 409 397 
1055 368 456 366 
1056 414 449 412 
1057 373 709 372 
1058 282 704 281 
1059 453 474 390 
1060 353 668 350 
1061 281 492 468 
1062 345 703 344 
1063 693 694 692 
1064 501 506 500 
1065 314 707 313 
1066 409 716 715 
1067 381 706 380 
1068 689 691 688 
1069 436 475 264 
1070 277 440 275 
1071 454 488 384 
1072 439 723 438 
1073 344 484 457 
1074 372 429 370 
1075 513 522 474 
1076 309 423 307 
1077 430 473 294 
1078 472 612 520 
1079 444 499 258 
1080 340 441 338 
1081 288 461 285 
1082 353 669 668 
1083 504 524 475 
1084 403 426 401 
1085 313 450 311 
1086 516 534 517 
1087 354 725 353 
1088 281 468 279 
1089 248 427 246 
1090 684 686 683 
1091 384 706 381 
1092 319 447 317 
1093 438 489 485 
1094 407 446 405 
1095 407 472 446 
1096 252 466 250 
1097 358 675 357 
1098 727 728 432 
1099 490 605 473 
1100 326 680 325 
1101 252 467 466 
1102 685 687 684 
1103 344 457 342 
1104 467 617 615 
1105 378 445 376 
1106 258 733 253 
1107 489 634 633 
1108 519 531 488 
1109 669 671 670 
1110 243 254 242 
1111 676 678 675 
1112 454 519 488 
1113 669 670 668 
1114 444 509 499 
1115 532 706 488 
1116 718 719 717 
1117 253 733 252 
1118 671 673 670 
1119 271 688 270 
1120 513 587 522 
1121 301 683 300 
1122 490 606 605 
1123 504 525 524 
1124 467 615 466 
1125 680 682 325 
1126 471 516 429 
1127 676 679 678 
1128 453 513 474 
1129 472 520 446 
1130 366 692 365 
1131 495 496 450 
1132 436 504 475 
1133 669 725 672 
1134 716 717 715 
1135 492 627 468 
1136 430 490 473 
1137 727 729 728 
1138 677 700 676 
1139 484 600 457 
1140 424 713 677 
1141 616 736 466 
1142 330 740 329 
1143 461 704 285 
1144 711 712 685 
1145 291 696 289 
1146 521 741 446 
1147 415 702 442 
1148 172 540 537 
1149 424 675 358 
1150 181 610 572 
1151 177 585 554 
1152 261 697 259 
1153 445 709 376 
1154 329 680 326 
1155 180 586 565 
1156 175 535 234 
1157 695 703 349 
1158 387 699 385 
1159 289 696 448 
1160 541 543 540 
1161 536 632 535 
1162 670 695 668 
1163 320 698 435 
1164 445 750 709 
1165 322 698 320 
1166 357 725 354 
1167 174 582 581 
1168 500 723 439 
1169 447 707 317 
1170 171 580 579 
1171 259 697 444 
1172 417 702 415 
1173 449 701 412 
1174 305 711 303 
1175 628 737 468 
1176 458 688 271 
1177 385 699 454 
1178 425 683 301 
1179 424 676 675 
1180 515 738 450 
1181 329 681 680 
1182 297 705 295 
1183 715 752 714 
1184 456 692 366 
1185 601 735 457 
1186 499 733 258 
1187 267 708 265 
1188 393 710 391 
1189 438 723 489 
1190 488 706 384 
1191 397 714 395 
1192 275 724 273 
1193 709 750 471 
1194 362 713 360 
1195 295 705 430 
1196 294 696 291 
1197 372 709 471 
1198 425 684 683 
1199 458 689 688 
1200 334 726 332 
1201 281 704 492 
1202 265 708 436 
1203 353 725 669 
1204 391 710 453 
1205 313 707 495 
1206 370 732 368 
1207 338 730 336 
1208 714 752 418 
1209 728 740 432 
1210 517 732 429 
1211 344 703 484 
1212 264 697 261 
1213 432 740 330 
1214 401 734 399 
1215 456 693 692 
1216 325 698 322 
1217 458 724 690 
1218 390 699 387 
1219 407 701 472 
1220 676 700 679 
1221 425 711 685 
1222 699 759 454 
1223 421 702 417 
1224 329 740 681 
1225 485 702 421 
1226 697 760 444 
1227 300 705 297 
1228 252 733 467 
1229 745 747 682 
1230 698 763 435 
1231 360 713 424 
1232 270 708 267 
1233 418 710 393 
1234 303 711 425 
1235 342 735 340 
1236 279 737 277 
1237 311 738 309 
1238 332 726 432 
1239 409 734 716 
1240 250 736 248 
1241 726 727 432 
1242 273 724 458 
1243 365 713 362 
1244 409 714 397 
1245 435 744 742 
1246 395 714 418 
1247 440 724 275 
1248 473 696 294 
1249 405 741 403 
1250 474 699 390 
1251 443 726 334 
1252 409 715 714 
1253 368 732 456 
1254 429 732 370 
1255 336 730 443 
1256 475 697 264 
1257 399 734 409 
1258 748 749 461 
1259 441 730 338 
1260 742 743 447 
1261 442 739 414 
1262 426 734 401 
1263 682 698 325 
1264 414 739 449 
1265 730 731 443 
1266 681 746 745 
1267 466 736 250 
1268 448 748 288 
1269 435 742 319 
1270 277 737 440 
1271 340 735 441 
1272 248 736 427 
1273 457 735 342 
1274 309 738 423 
1275 468 737 279 
1276 450 738 311 
1277 680 745 682 
1278 446 741 405 
1279 288 748 461 
1280 403 741 426 
1281 319 742 447 
1282 499 755 733 
1283 681 745 680 
1284 474 759 699 
1285 733 755 467 
1286 423 754 307 
1287 750 751 624 
1288 475 760 697 
1289 307 754 305 
1290 471 750 624 
1291 682 763 698 
1292 721 753 752 
1293 686 762 683 
1294 691 765 688 
1295 305 754 711 
1296 678 766 675 
1297 721 752 715 
1298 728 761 740 
1299 705 762 491 
1300 708 765 505 
1301 461 757 704 
1302 740 761 681 
1303 711 754 712 
1304 755 756 617 
1305 447 764 707 
1306 357 766 725 
1307 444 760 509 
1308 694 770 692 
1309 454 759 519 
1310 707 764 495 
1311 704 757 492 
1312 749 758 757 
1313 435 763 744 
1314 467 755 617 
1315 726 767 727 
1316 300 762 705 
1317 270 765 708 
1318 522 759 474 
1319 443 767 726 
1320 524 760 475 
1321 683 762 300 
1322 725 766 672 
1323 749 757 461 
1324 688 765 270 
1325 675 766 357 
1326 713 770 677 
1327 747 763 682 
1328 681 761 746 
1329 732 771 456 
1330 365 770 713 
1331 743 764 447 
1332 517 771 732 
1333 601 773 735 
1334 628 775 737 
1335 731 767 443 
1336 423 779 754 
1337 735 773 441 
1338 737 775 440 
1339 775 776 774 
1340 692 770 365 
1341 694 781 770 
1342 494 922 654 
1343 674 768 695 
1344 456 771 693 
1345 710 769 514 
1346 753 769 752 
1347 695 768 703 
1348 778 780 779 
1349 418 769 710 
1350 703 768 484 
1351 754 779 712 
1352 752 769 418 
1353 730 772 731 
1354 770 781 677 
1355 441 772 730 
1356 441 773 772 
1357 616 777 736 
1358 440 774 724 
1359 724 774 690 
1360 677 781 700 
1361 736 777 427 
1362 515 778 738 
1363 440 775 774 
1364 738 778 423 
1365 778 779 423 
1366 763 782 744 
1367 747 782 763 
1368 686 783 762 
1369 691 784 765 
1370 678 785 766 
1371 762 783 491 
1372 765 784 505 
1373 766 785 672 
1374 753 786 769 
1375 769 786 514 
1376 501 787 590 
1377 203 854 831 
1378 620 793 619 
1379 242 788 245 
1380 483 787 501 
1381 787 788 590 
1382 237 790 238 
1383 613 847 180 
1384 245 788 787 
1385 240 790 237 
1386 787 789 245 
1387 483 789 787 
1388 254 788 242 
1389 790 791 238 
1390 816 952 223 
1391 482 789 483 
1392 789 790 245 
1393 490 792 606 
1394 783 792 491 
1395 245 790 240 
1396 482 791 789 
1397 194 816 615 
1398 380 793 378 
1399 756 863 229 
1400 627 802 227 
1401 476 794 665 
1402 665 791 482 
1403 582 868 805 
1404 491 792 490 
1405 598 871 162 
1406 238 794 518 
1407 378 793 445 
1408 620 801 793 
1409 791 794 238 
1410 599 913 871 
1411 484 800 600 
1412 750 801 751 
1413 492 802 627 
1414 758 802 757 
1415 764 803 495 
1416 518 948 611 
1417 665 794 791 
1418 519 796 531 
1419 645 807 470 
1420 523 807 462 
1421 891 893 673 
1422 653 844 529 
1423 777 842 427 
1424 793 801 445 
1425 527 977 636 
1426 767 866 810 
1427 767 810 727 
1428 723 811 489 
1429 803 804 496 
1430 183 798 18 
1431 712 814 685 
1432 601 918 773 
1433 779 813 712 
1434 486 896 604 
1435 588 914 560 
1436 355 815 662 
1437 607 876 605 
1438 858 864 635 
1439 847 928 586 
1440 49 861 50 
1441 768 800 484 
1442 445 801 750 
1443 757 802 492 
1444 607 884 876 
1445 720 878 824 
1446 464 968 610 
1447 495 803 496 
1448 772 852 731 
1449 210 836 607 
1450 427 842 631 
1451 623 859 622 
1452 810 866 205 
1453 644 805 431 
1454 225 953 819 
1455 121 951 804 
1456 227 812 627 
1457 722 808 720 
1458 504 843 525 
1459 784 843 505 
1460 462 807 645 
1461 639 846 502 
1462 496 845 515 
1463 902 903 548 
1464 460 850 398 
1465 400 850 658 
1466 205 866 821 
1467 626 970 520 
1468 744 851 742 
1469 500 854 723 
1470 170 809 38 
1471 635 864 633 
1472 223 954 816 
1473 611 948 176 
1474 209 818 817 
1475 727 810 729 
1476 520 970 521 
1477 509 863 499 
1478 755 863 756 
1479 633 864 485 
1480 702 864 442 
1481 489 811 634 
1482 419 865 476 
1483 649 868 479 
1484 346 869 341 
1485 343 869 347 
1486 772 875 852 
1487 50 861 169 
1488 815 929 662 
1489 780 813 779 
1490 685 814 687 
1491 524 873 760 
1492 605 876 473 
1493 696 876 448 
1494 796 872 531 
1495 593 949 498 
1496 476 849 794 
1497 666 815 355 
1498 521 878 808 
1499 784 957 820 
1500 615 816 616 
1501 232 870 751 
1502 111 827 186 
1503 117 829 212 
1504 200 830 119 
1505 195 833 136 
1506 203 831 166 
1507 209 817 160 
1508 211 820 148 
1509 88 819 214 
1510 205 821 107 
1511 92 834 196 
1512 164 832 187 
1513 189 835 60 
1514 104 822 199 
1515 145 823 188 
1516 190 824 67 
1517 197 825 96 
1518 152 826 192 
1519 202 828 113 
1520 159 817 223 
1521 106 821 228 
1522 225 819 89 
1523 147 820 224 
1524 228 822 105 
1525 224 823 146 
1526 66 824 233 
1527 95 825 231 
1528 229 826 153 
1529 118 829 117 
1530 112 827 111 
1531 119 830 118 
1532 136 833 135 
1533 166 831 165 
1534 165 832 164 
1535 93 834 92 
1536 60 835 59 
1537 160 817 159 
1538 148 820 147 
1539 107 821 106 
1540 113 828 112 
1541 89 819 88 
1542 105 822 104 
1543 146 823 145 
1544 67 824 66 
1545 153 826 152 
1546 96 825 95 
1547 739 882 449 
1548 562 896 594 
1549 134 836 210 
1550 632 962 535 
1551 568 839 571 
1552 115 838 114 
1553 507 847 523 
1554 622 859 62 
1555 821 866 852 
1556 135 836 134 
1557 610 837 572 
1558 100 840 215 
1559 226 840 101 
1560 773 875 772 
1561 191 841 125 
1562 201 905 533 
1563 556 981 558 
1564 749 892 195 
1565 114 838 202 
1566 451 894 369 
1567 371 894 374 
1568 805 868 431 
1569 612 899 623 
1570 351 839 666 
1571 570 839 568 
1572 126 848 191 
1573 472 899 612 
1574 449 899 701 
1575 144 853 143 
1576 542 939 667 
1577 603 917 173 
1578 631 842 630 
1579 76 856 75 
1580 780 841 813 
1581 169 978 844 
1582 62 859 61 
1583 503 902 659 
1584 522 904 759 
1585 101 840 100 
1586 743 900 764 
1587 212 862 116 
1588 125 841 124 
1589 672 906 671 
1590 513 908 587 
1591 786 908 514 
1592 580 929 815 
1593 559 844 596 
1594 654 910 327 
1595 208 855 73 
1596 825 906 785 
1597 515 911 778 
1598 776 912 774 
1599 637 914 526 
1600 745 915 747 
1601 526 917 511 
1602 604 965 487 
1603 505 843 504 
1604 198 870 84 
1605 83 870 232 
1606 162 871 161 
1607 652 921 653 
1608 800 840 226 
1609 814 848 687 
1610 502 846 503 
1611 684 924 686 
1612 201 872 79 
1613 127 848 126 
1614 463 928 650 
1615 564 976 597 
1616 661 929 527 
1617 207 877 635 
1618 552 867 170 
1619 508 932 656 
1620 244 962 632 
1621 519 904 796 
1622 58 877 207 
1623 796 904 185 
1624 73 855 72 
1625 123 879 216 
1626 804 845 496 
1627 517 936 771 
1628 398 850 400 
1629 742 851 743 
1630 70 881 69 
1631 333 939 437 
1632 667 939 331 
1633 824 878 233 
1634 756 895 617 
1635 719 982 717 
1636 188 853 144 
1637 674 935 768 
1638 810 883 729 
1639 108 883 205 
1640 339 945 346 
1641 118 830 829 
1642 112 828 827 
1643 831 832 165 
1644 151 885 150 
1645 641 949 493 
1646 459 973 651 
1647 498 949 433 
1648 506 854 500 
1649 775 975 776 
1650 247 972 255 
1651 335 950 337 
1652 487 968 646 
1653 347 955 348 
1654 794 849 518 
1655 241 962 244 
1656 728 959 761 
1657 678 966 785 
1658 230 886 128 
1659 185 856 76 
1660 174 857 582 
1661 833 836 135 
1662 442 858 739 
1663 61 859 189 
1664 829 851 212 
1665 132 888 131 
1666 813 841 191 
1667 72 855 795 
1668 98 891 97 
1669 885 925 150 
1670 176 948 575 
1671 541 860 543 
1672 721 982 206 
1673 528 861 530 
1674 116 862 115 
1675 99 893 98 
1676 191 848 814 
1677 499 863 755 
1678 485 864 702 
1679 630 913 599 
1680 616 954 777 
1681 837 965 573 
1682 470 865 419 
1683 780 879 841 
1684 194 895 156 
1685 731 866 767 
1686 231 898 94 
1687 115 862 838 
1688 621 937 620 
1689 873 947 509 
1690 431 868 649 
1691 852 875 228 
1692 539 979 545 
1693 751 937 232 
1694 805 927 549 
1695 644 927 805 
1696 86 907 85 
1697 838 862 782 
1698 792 888 606 
1699 341 869 343 
1700 834 898 679 
1701 186 916 110 
1702 84 870 83 
1703 848 886 687 
1704 161 871 209 
1705 167 920 203 
1706 149 925 211 
1707 205 883 810 
1708 193 888 792 
1709 577 960 578 
1710 79 872 78 
1711 818 889 817 
1712 227 890 139 
1713 213 980 626 
1714 626 980 233 
1715 861 978 169 
1716 760 873 509 
1717 133 938 132 
1718 837 968 487 
1719 744 963 851 
1720 142 941 204 
1721 821 852 228 
1722 835 877 59 
1723 883 916 729 
1724 473 876 696 
1725 188 923 912 
1726 59 877 58 
1727 216 951 122 
1728 157 952 194 
1729 64 980 213 
1730 223 952 158 
1731 233 980 65 
1732 74 971 208 
1733 137 961 195 
1734 621 905 81 
1735 853 912 776 
1736 124 879 123 
1737 374 981 618 
1738 139 890 138 
1739 879 911 216 
1740 206 881 70 
1741 748 892 749 
1742 801 937 751 
1743 841 879 124 
1744 109 883 108 
1745 448 884 748 
1746 346 945 860 
1747 192 885 151 
1748 802 890 227 
1749 525 925 885 
1750 594 926 563 
1751 648 926 594 
1752 867 932 508 
1753 881 982 719 
1754 203 920 811 
1755 128 886 127 
1756 819 931 214 
1757 596 944 595 
1758 839 955 571 
1759 93 898 834 
1760 189 874 835 
1761 80 905 201 
1762 578 974 553 
1763 880 973 459 
1764 87 940 86 
1765 853 941 143 
1766 614 960 182 
1767 127 886 848 
1768 817 889 223 
1769 516 967 534 
1770 856 971 75 
1771 230 924 886 
1772 573 965 604 
1773 131 888 193 
1774 642 974 578 
1775 758 890 802 
1776 97 891 197 
1777 808 878 720 
1778 351 955 839 
1779 871 913 209 
1780 852 866 731 
1781 215 893 99 
1782 194 952 816 
1783 548 903 547 
1784 584 946 909 
1785 81 905 80 
1786 618 981 556 
1787 255 972 901 
1788 764 900 803 
1789 228 875 822 
1790 575 948 849 
1791 481 973 614 
1792 369 894 371 
1793 580 956 579 
1794 776 941 853 
1795 528 978 861 
1796 921 944 596 
1797 587 971 856 
1798 823 930 923 
1799 507 928 847 
1800 156 895 155 
1801 777 954 889 
1802 647 896 486 
1803 186 959 916 
1804 179 897 48 
1805 94 898 93 
1806 805 958 582 
1807 701 899 472 
1808 188 912 853 
1809 828 915 746 
1810 845 951 216 
1811 823 923 188 
1812 851 963 212 
1813 780 911 879 
1814 552 943 932 
1815 536 901 632 
1816 884 892 748 
1817 346 946 869 
1818 890 961 138 
1819 858 874 739 
1820 659 902 455 
1821 811 920 634 
1822 803 900 200 
1823 182 960 577 
1824 759 904 519 
1825 533 905 621 
1826 545 979 910 
1827 785 906 672 
1828 85 907 198 
1829 514 908 513 
1830 557 919 625 
1831 195 892 833 
1832 860 945 543 
1833 327 910 667 
1834 778 911 780 
1835 197 906 825 
1836 758 961 890 
1837 553 943 552 
1838 774 912 690 
1839 902 927 455 
1840 886 924 687 
1841 202 915 828 
1842 480 914 637 
1843 746 915 745 
1844 689 930 691 
1845 110 916 109 
1846 610 968 837 
1847 511 917 638 
1848 109 916 883 
1849 912 923 690 
1850 168 920 167 
1851 929 977 527 
1852 874 882 739 
1853 773 918 875 
1854 233 970 626 
1855 255 921 652 
1856 209 913 818 
1857 576 942 221 
1858 690 923 689 
1859 687 924 684 
1860 150 925 149 
1861 465 926 648 
1862 521 970 878 
1863 455 927 644 
1864 650 928 507 
1865 200 900 830 
1866 662 929 661 
1867 198 967 624 
1868 771 931 693 
1869 846 903 503 
1870 553 974 943 
1871 566 933 658 
1872 656 932 655 
1873 844 978 529 
1874 667 979 542 
1875 874 964 835 
1876 804 951 845 
1877 658 933 463 
1878 231 966 898 
1879 552 932 867 
1880 523 942 807 
1881 608 946 584 
1882 214 940 87 
1883 534 936 517 
1884 782 963 744 
1885 932 943 655 
1886 930 957 691 
1887 210 938 133 
1888 931 953 693 
1889 331 939 333 
1890 884 969 892 
1891 691 957 784 
1892 143 941 142 
1893 858 964 874 
1894 534 967 907 
1895 632 972 244 
1896 655 943 428 
1897 509 947 863 
1898 880 960 614 
1899 337 945 339 
1900 822 918 199 
1901 624 967 516 
1902 923 930 689 
1903 224 957 930 
1904 433 949 641 
1905 768 935 800 
1906 437 950 335 
1907 122 951 121 
1908 158 952 157 
1909 943 974 428 
1910 693 953 694 
1911 348 955 351 
1912 582 958 581 
1913 729 959 728 
1914 620 937 801 
1915 869 946 608 
1916 916 959 729 
1917 138 961 137 
1918 807 942 576 
1919 239 962 241 
1920 542 979 539 
1921 541 909 860 
1922 679 966 678 
1923 646 968 464 
1924 224 930 823 
1925 75 971 74 
1926 244 972 247 
1927 651 973 481 
1928 428 974 642 
1929 628 975 775 
1930 171 977 580 
1931 529 978 528 
1932 65 980 64 
1933 717 982 721 
1934 840 935 215 
1935 549 958 805 
1936 800 935 840 
1937 875 918 822 
1938 836 969 607 
1939 206 982 881 
1940 229 947 826 
1941 898 966 679 
1942 815 956 580 
1943 862 963 782 
1944 892 969 833 
1945 816 954 616 
1946 878 970 233 
1947 487 965 837 
1948 835 964 877 
1949 820 957 224 
1950 212 963 862 
1951 614 973 880 
1952 833 969 836 
1953 849 948 518 
1954 863 947 229 
1955 607 969 884 
1956 889 954 223 
1957 635 964 858 
1958 877 964 635 
1959 578 960 880 
1960 536 944 901 
1961 936 940 214 
1962 580 977 929 
1963 901 972 632 
1964 910 979 667 
1965 534 940 936 
1966 907 967 198