2 1 2 242
45 72 81 102 
46 122 76 124 
47 115 49 120 
48 106 52 121 
49 52 106 122 
50 49 115 134 
51 96 122 124 
52 47 86 107 
53 52 122 125 
54 93 41 95 
55 89 53 91 
56 122 96 125 
57 102 81 127 
58 107 86 126 
59 79 72 102 
60 41 93 135 
61 91 53 129 
62 91 46 92 
63 92 46 93 
64 86 47 127 
65 95 41 96 
66 54 115 120 
67 55 106 121 
68 83 99 134 
69 53 89 119 
70 123 56 126 
71 86 87 126 
72 128 48 133 
73 68 64 97 
74 92 94 118 
75 99 83 136 
76 74 94 95 
77 99 49 134 
78 94 97 118 
79 64 63 97 
80 74 68 97 
81 92 93 94 
82 123 126 142 
83 46 91 129 
84 74 95 124 
85 110 128 133 
86 76 122 137 
87 94 93 95 
88 94 74 97 
89 43 57 58 
90 43 28 57 
91 27 28 43 
92 88 50 89 
93 36 37 41 
94 98 45 104 
95 42 19 99 
96 45 26 104 
97 57 50 88 
98 88 89 90 
99 44 10 100 
100 27 43 104 
101 29 50 57 
102 18 19 42 
103 9 10 44 
104 43 58 59 
105 28 29 57 
106 26 27 104 
107 18 42 101 
108 48 8 103 
109 9 44 103 
110 47 17 101 
111 90 89 91 
112 20 49 99 
113 43 59 104 
114 45 98 113 
115 8 9 103 
116 11 51 100 
117 17 18 101 
118 90 91 92 
119 19 20 99 
120 59 98 104 
121 10 11 100 
122 29 30 50 
123 109 113 115 
124 20 21 49 
125 38 39 52 
126 101 42 102 
127 109 45 113 
128 11 12 51 
129 59 58 60 
130 23 24 54 
131 7 8 48 
132 70 68 74 
133 32 33 53 
134 16 17 47 
135 62 60 63 
136 66 64 68 
137 58 57 88 
138 80 84 112 
139 7 48 105 
140 34 35 46 
141 66 68 69 
142 69 75 77 
143 16 47 107 
144 65 67 71 
145 25 26 45 
146 80 83 84 
147 15 16 107 
148 71 79 80 
149 71 72 79 
150 62 63 64 
151 6 7 105 
152 71 67 72 
153 65 64 66 
154 65 66 67 
155 77 75 78 
156 71 80 108 
157 62 64 65 
158 77 78 85 
159 59 61 98 
160 62 65 108 
161 65 71 108 
162 14 15 56 
163 78 75 110 
164 98 61 112 
165 72 73 81 
166 69 70 75 
167 81 82 86 
168 66 69 111 
169 61 60 62 
170 5 6 55 
171 72 67 73 
172 67 66 111 
173 59 60 61 
174 61 62 108 
175 54 24 109 
176 69 68 70 
177 24 25 109 
178 56 15 107 
179 69 77 111 
180 61 108 112 
181 80 79 83 
182 81 73 82 
183 73 67 111 
184 75 76 110 
185 55 6 105 
186 86 82 87 
187 25 45 109 
188 75 70 76 
189 112 84 113 
190 55 105 106 
191 108 80 112 
192 98 112 113 
193 111 77 114 
194 88 90 117 
195 73 111 114 
196 113 84 115 
197 77 85 114 
198 114 85 116 
199 82 73 114 
200 82 114 116 
201 60 58 117 
202 54 109 115 
203 63 60 117 
204 87 82 116 
205 58 88 117 
206 95 96 124 
207 97 63 118 
208 90 92 118 
209 63 117 118 
210 96 41 125 
211 117 90 118 
212 89 50 119 
213 30 31 119 
214 21 22 120 
215 39 40 121 
216 12 13 123 
217 76 70 124 
218 41 37 125 
219 38 52 125 
220 93 46 135 
221 101 102 127 
222 81 86 127 
223 50 30 119 
224 49 21 120 
225 52 39 121 
226 51 12 123 
227 105 48 128 
228 70 74 124 
229 53 33 129 
230 34 46 129 
231 115 84 134 
232 36 41 135 
233 46 35 135 
234 42 99 136 
235 3 23 138 
236 4 32 139 
237 22 3 138 
238 2 14 140 
239 13 2 140 
240 1 5 141 
241 40 1 141 
242 31 4 139 
243 37 38 125 
244 56 107 126 
245 122 106 137 
246 47 101 127 
247 110 76 137 
248 79 102 136 
249 106 105 128 
250 83 79 136 
251 130 116 131 
252 48 103 133 
253 131 85 132 
254 85 78 132 
255 116 85 131 
256 33 34 129 
257 87 116 130 
258 44 100 131 
259 100 130 131 
260 100 51 130 
261 44 131 132 
262 103 44 132 
263 78 110 133 
264 132 78 133 
265 103 132 133 
266 84 83 134 
267 35 36 135 
268 102 42 136 
269 51 123 142 
270 119 31 139 
271 121 40 141 
272 120 22 138 
273 123 13 140 
274 23 54 138 
275 32 53 139 
276 14 56 140 
277 5 55 141 
278 128 110 137 
279 53 119 139 
280 54 120 138 
281 55 121 141 
282 56 123 140 
283 106 128 137 
284 126 87 142 
285 87 130 142 
286 130 51 142