2 1 2 730
129 217 153 339 
130 291 337 413 
131 169 243 336 
132 137 235 236 
133 153 217 408 
134 337 219 413 
135 246 164 345 
136 243 193 336 
137 312 206 319 
138 132 218 314 
139 139 220 324 
140 138 222 328 
141 224 131 231 
142 122 226 244 
143 123 305 306 
144 124 228 230 
145 235 137 403 
146 164 246 402 
147 341 306 367 
148 340 230 381 
149 231 131 404 
150 122 244 405 
151 124 230 407 
152 123 306 406 
153 218 132 392 
154 249 201 393 
155 248 199 395 
156 220 139 394 
157 222 138 396 
158 240 148 241 
159 137 236 237 
160 319 206 398 
161 206 312 397 
162 314 218 399 
163 324 220 400 
164 328 222 401 
165 231 129 232 
166 188 244 245 
167 193 243 247 
168 241 148 242 
169 201 249 415 
170 199 248 416 
171 286 395 412 
172 232 129 246 
173 233 235 308 
174 243 169 411 
175 212 217 339 
176 291 152 337 
177 190 341 367 
178 189 340 381 
179 233 308 408 
180 395 221 412 
181 338 187 343 
182 345 164 414 
183 148 240 344 
184 237 236 238 
185 338 343 424 
186 131 224 397 
187 321 121 398 
188 226 122 399 
189 305 123 400 
190 228 124 401 
191 241 242 247 
192 306 341 406 
193 230 340 407 
194 121 321 425 
195 166 242 423 
196 308 153 408 
197 243 241 247 
198 278 276 348 
199 347 278 348 
200 284 355 356 
201 283 284 356 
202 188 245 359 
203 396 326 409 
204 301 393 409 
205 277 354 385 
206 351 161 370 
207 357 255 372 
208 349 165 378 
209 134 355 374 
210 352 320 377 
211 350 144 380 
212 78 358 389 
213 347 89 386 
214 237 238 239 
215 129 231 404 
216 244 188 405 
217 239 238 240 
218 239 240 241 
219 239 241 243 
220 191 295 297 
221 205 180 297 
222 191 294 295 
223 180 191 297 
224 160 294 298 
225 94 6 248 
226 294 191 298 
227 256 154 258 
228 48 49 268 
229 49 121 268 
230 154 256 269 
231 117 116 159 
232 108 107 137 
233 250 251 292 
234 8 150 266 
235 56 57 164 
236 250 159 251 
237 160 292 294 
238 85 5 249 
239 8 111 145 
240 115 154 269 
241 114 113 307 
242 117 159 250 
243 116 115 269 
244 40 161 270 
245 258 154 307 
246 159 116 269 
247 251 255 292 
248 39 40 270 
249 47 48 187 
250 145 111 336 
251 66 67 188 
252 76 147 267 
253 254 252 256 
254 251 159 252 
255 187 48 268 
256 256 252 269 
257 8 145 150 
258 254 256 257 
259 193 145 336 
260 118 117 250 
261 253 252 254 
262 160 118 250 
263 113 152 307 
264 154 114 307 
265 19 165 272 
266 37 38 260 
267 150 179 266 
268 197 196 218 
269 179 184 196 
270 26 190 271 
271 179 196 197 
272 95 94 155 
273 201 200 222 
274 195 212 311 
275 83 189 280 
276 182 186 200 
277 260 162 261 
278 285 282 286 
279 179 197 266 
280 43 125 289 
281 196 184 226 
282 200 186 228 
283 260 261 262 
284 182 200 201 
285 36 37 304 
286 95 155 281 
287 7 102 140 
288 163 96 281 
289 150 178 179 
290 42 289 290 
291 257 256 258 
292 282 281 286 
293 197 218 219 
294 182 181 186 
295 173 195 311 
296 166 61 279 
297 134 36 304 
298 201 222 223 
299 24 126 303 
300 173 183 194 
301 179 178 184 
302 168 181 182 
303 162 39 270 
304 86 85 158 
305 83 84 189 
306 125 44 288 
307 252 159 269 
308 149 172 173 
309 96 95 281 
310 173 194 195 
311 262 261 299 
312 21 156 287 
313 26 27 190 
314 157 87 300 
315 155 94 248 
316 62 63 127 
317 163 281 282 
318 5 167 168 
319 7 140 149 
320 261 263 264 
321 160 250 292 
322 62 127 279 
323 87 86 300 
324 168 180 181 
325 168 167 180 
326 261 264 299 
327 152 291 307 
328 43 44 125 
329 7 149 311 
330 126 25 271 
331 195 194 206 
332 42 43 289 
333 38 162 260 
334 228 229 230 
335 37 260 304 
336 161 41 290 
337 257 258 259 
338 86 158 300 
339 149 173 311 
340 44 45 288 
341 264 263 265 
342 191 167 298 
343 38 39 162 
344 175 185 198 
345 25 26 271 
346 82 83 280 
347 173 172 183 
348 156 22 302 
349 302 23 303 
350 19 20 165 
351 261 162 263 
352 165 20 287 
353 281 155 286 
354 195 206 207 
355 167 120 298 
356 251 252 253 
357 40 41 161 
358 21 22 156 
359 24 25 126 
360 41 42 290 
361 23 24 303 
362 128 82 280 
363 194 183 321 
364 199 198 220 
365 175 198 199 
366 198 185 305 
367 291 258 307 
368 292 255 293 
369 217 207 224 
370 150 177 178 
371 151 174 175 
372 60 61 166 
373 225 224 231 
374 97 163 322 
375 259 258 291 
376 119 160 298 
377 61 62 279 
378 305 216 306 
379 22 23 302 
380 20 21 287 
381 284 282 285 
382 217 224 225 
383 212 207 217 
384 175 174 185 
385 283 282 284 
386 120 119 298 
387 119 118 160 
388 163 282 283 
389 185 216 305 
390 97 96 163 
391 18 19 272 
392 88 87 157 
393 110 109 169 
394 5 120 167 
395 113 112 152 
396 105 104 153 
397 274 275 277 
398 99 98 136 
399 195 207 212 
400 115 114 154 
401 209 176 210 
402 199 220 221 
403 180 167 191 
404 181 180 205 
405 76 77 147 
406 275 276 278 
407 74 75 133 
408 99 136 309 
409 300 158 301 
410 181 205 310 
411 163 283 322 
412 17 18 142 
413 295 293 296 
414 228 186 229 
415 52 53 131 
416 49 50 121 
417 80 81 315 
418 100 99 309 
419 70 71 132 
420 81 82 128 
421 72 73 130 
422 79 80 146 
423 54 55 129 
424 58 59 148 
425 68 69 122 
426 71 72 313 
427 30 31 123 
428 69 70 314 
429 15 16 135 
430 35 36 134 
431 75 76 267 
432 16 17 317 
433 50 51 319 
434 74 133 316 
435 210 176 323 
436 98 97 322 
437 73 74 316 
438 209 210 211 
439 34 35 318 
440 136 98 322 
441 6 143 151 
442 142 273 274 
443 51 52 312 
444 17 142 317 
445 330 141 333 
446 146 80 315 
447 132 71 313 
448 81 128 315 
449 122 69 314 
450 72 130 313 
451 70 132 314 
452 31 32 324 
453 14 15 325 
454 105 153 308 
455 121 50 319 
456 33 34 327 
457 135 16 317 
458 130 73 316 
459 185 215 216 
460 35 134 318 
461 52 131 312 
462 142 274 317 
463 91 90 141 
464 263 162 270 
465 275 273 276 
466 151 171 174 
467 6 93 143 
468 101 100 144 
469 51 312 319 
470 260 262 304 
471 294 293 295 
472 93 92 323 
473 13 14 138 
474 32 33 139 
475 106 105 308 
476 15 135 325 
477 123 31 324 
478 34 318 327 
479 274 273 275 
480 144 100 309 
481 226 184 227 
482 149 170 172 
483 185 174 215 
484 203 176 209 
485 183 214 321 
486 12 13 328 
487 186 181 310 
488 292 293 294 
489 151 143 171 
490 32 139 324 
491 138 14 325 
492 325 135 326 
493 171 143 176 
494 139 33 327 
495 226 227 244 
496 143 93 323 
497 225 231 232 
498 171 176 203 
499 11 12 124 
500 174 171 329 
501 178 177 204 
502 225 232 233 
503 183 213 214 
504 210 330 333 
505 13 138 328 
506 176 143 323 
507 92 91 330 
508 234 232 246 
509 210 323 330 
510 91 141 330 
511 140 102 335 
512 323 92 330 
513 178 204 320 
514 192 140 335 
515 183 172 213 
516 158 85 249 
517 184 178 320 
518 202 192 208 
519 215 174 329 
520 229 186 310 
521 274 277 332 
522 171 203 329 
523 149 140 170 
524 135 317 332 
525 101 144 335 
526 142 18 272 
527 124 12 328 
528 142 272 273 
529 233 234 235 
530 111 110 336 
531 150 145 177 
532 172 170 331 
533 170 192 202 
534 211 333 334 
535 233 232 234 
536 170 140 192 
537 177 145 193 
538 251 253 255 
539 102 101 335 
540 213 172 331 
541 317 274 332 
542 326 135 332 
543 227 184 320 
544 211 210 333 
545 235 234 236 
546 170 202 331 
547 244 227 245 
548 133 75 267 
549 110 169 336 
550 201 223 393 
551 199 221 395 
552 219 218 392 
553 221 220 394 
554 223 222 396 
555 137 237 346 
556 193 247 342 
557 242 166 410 
558 223 396 409 
559 393 223 409 
560 266 197 337 
561 45 46 338 
562 104 103 339 
563 276 334 348 
564 208 265 351 
565 334 276 349 
566 265 208 350 
567 358 296 389 
568 278 347 386 
569 208 351 370 
570 355 284 374 
571 334 349 378 
572 147 357 372 
573 265 350 380 
574 127 352 377 
575 354 157 385 
576 238 236 345 
577 177 193 342 
578 64 359 388 
579 164 57 344 
580 58 148 344 
581 236 234 345 
582 108 137 346 
583 169 109 346 
584 246 129 402 
585 308 235 403 
586 270 161 351 
587 90 89 347 
588 272 165 349 
589 334 333 348 
590 276 273 349 
591 265 263 351 
592 335 144 350 
593 208 192 350 
594 227 320 352 
595 134 304 355 
596 277 275 354 
597 293 255 357 
598 78 79 358 
599 326 332 353 
600 300 301 385 
601 295 296 390 
602 88 157 386 
603 322 283 387 
604 127 63 388 
605 147 77 389 
606 301 158 393 
607 286 155 395 
608 325 326 396 
609 197 219 337 
610 288 45 338 
611 153 104 339 
612 242 148 423 
613 218 196 399 
614 207 206 397 
615 206 194 398 
616 222 200 401 
617 220 198 400 
618 359 245 388 
619 9 10 340 
620 28 29 341 
621 64 65 359 
622 394 361 412 
623 392 360 413 
624 56 164 402 
625 137 107 403 
626 129 55 402 
627 106 308 403 
628 188 67 405 
629 131 53 404 
630 54 129 404 
631 68 122 405 
632 30 123 406 
633 11 124 407 
634 217 225 408 
635 204 177 342 
636 187 268 343 
637 239 243 411 
638 57 58 344 
639 234 246 345 
640 248 6 416 
641 249 5 415 
642 5 168 415 
643 8 266 417 
644 182 201 415 
645 3 47 419 
646 46 3 419 
647 7 311 418 
648 103 7 418 
649 6 151 416 
650 175 199 416 
651 112 8 417 
652 109 108 346 
653 60 166 423 
654 148 59 423 
655 27 2 420 
656 2 28 420 
657 84 1 421 
658 1 9 421 
659 301 353 385 
660 352 127 388 
661 157 354 386 
662 296 358 390 
663 283 356 387 
664 357 147 389 
665 141 90 347 
666 333 141 348 
667 141 347 348 
668 273 272 349 
669 192 335 350 
670 263 270 351 
671 245 227 352 
672 332 277 353 
673 275 278 354 
674 355 262 356 
675 304 262 355 
676 262 299 356 
677 296 293 357 
678 79 146 358 
679 268 121 425 
680 377 204 391 
681 299 379 387 
682 146 384 390 
683 284 285 374 
684 383 205 384 
685 313 130 360 
686 327 318 361 
687 315 383 384 
688 257 259 362 
689 360 130 362 
690 299 264 379 
691 254 257 363 
692 259 360 362 
693 130 316 362 
694 257 362 363 
695 264 265 380 
696 362 316 363 
697 379 264 380 
698 253 254 365 
699 316 133 363 
700 161 290 370 
701 290 289 368 
702 254 363 365 
703 165 287 378 
704 287 156 376 
705 289 125 366 
706 363 133 365 
707 156 302 375 
708 125 288 364 
709 361 318 374 
710 287 376 378 
711 205 297 384 
712 302 303 373 
713 285 361 374 
714 290 368 370 
715 303 126 371 
716 214 213 364 
717 255 253 372 
718 271 190 367 
719 156 375 376 
720 126 271 369 
721 279 127 377 
722 302 373 375 
723 364 213 366 
724 289 366 368 
725 213 331 366 
726 271 367 369 
727 267 147 372 
728 133 267 365 
729 253 365 372 
730 303 371 373 
731 306 216 367 
732 125 364 366 
733 126 369 371 
734 280 189 381 
735 367 216 369 
736 366 331 368 
737 216 215 369 
738 128 280 382 
739 331 202 368 
740 368 202 370 
741 202 208 370 
742 315 128 383 
743 369 215 371 
744 215 329 371 
745 280 381 382 
746 128 382 383 
747 318 134 374 
748 371 329 373 
749 365 267 372 
750 329 203 373 
751 203 209 375 
752 373 203 375 
753 375 209 376 
754 209 211 376 
755 320 204 377 
756 211 334 378 
757 376 211 378 
758 309 136 379 
759 309 379 380 
760 144 309 380 
761 230 229 381 
762 381 229 382 
763 229 310 382 
764 310 205 383 
765 382 310 383 
766 146 315 384 
767 379 136 387 
768 384 297 390 
769 157 300 385 
770 89 88 386 
771 136 322 387 
772 63 64 388 
773 77 78 389 
774 297 295 390 
775 279 377 391 
776 166 279 391 
777 121 319 398 
778 312 131 397 
779 122 314 399 
780 123 324 400 
781 124 328 401 
782 313 360 392 
783 327 361 394 
784 341 29 406 
785 340 10 407 
786 132 313 392 
787 158 249 393 
788 139 327 394 
789 155 248 395 
790 138 325 396 
791 65 4 422 
792 4 66 422 
793 221 394 412 
794 219 392 413 
795 164 344 414 
796 259 291 413 
797 285 286 412 
798 321 214 425 
799 224 207 397 
800 194 321 398 
801 196 226 399 
802 198 305 400 
803 200 228 401 
804 288 338 424 
805 204 342 391 
806 245 352 388 
807 353 277 385 
808 354 278 386 
809 356 299 387 
810 296 357 389 
811 358 146 390 
812 326 353 409 
813 169 346 411 
814 55 56 402 
815 107 106 403 
816 53 54 404 
817 67 68 405 
818 29 30 406 
819 10 11 407 
820 214 343 425 
821 344 240 414 
822 247 242 410 
823 225 233 408 
824 237 239 411 
825 238 345 414 
826 240 238 414 
827 266 337 417 
828 338 46 419 
829 339 103 418 
830 66 188 422 
831 353 301 409 
832 346 237 411 
833 189 84 421 
834 190 27 420 
835 168 182 415 
836 151 175 416 
837 311 212 418 
838 152 112 417 
839 47 187 419 
840 342 247 410 
841 166 391 410 
842 59 60 423 
843 391 342 410 
844 337 152 417 
845 187 338 419 
846 212 339 418 
847 343 214 424 
848 361 285 412 
849 360 259 413 
850 214 364 424 
851 340 189 421 
852 341 190 420 
853 28 341 420 
854 9 340 421 
855 188 359 422 
856 359 65 422 
857 343 268 425 
858 364 288 424