  0.967200429929141       4.260601940098141E-005   982.372923331338     
 -0.981511109529166       4.260601940098141E-005   981.319669339566     
 -0.982214461976403       4.260601940098141E-005   981.297718748590     
  0.960388026938768       4.260601940098141E-005   982.713559659291     
 -0.965006112190211       4.260601940098141E-005   982.120021680414     
 -0.564782210083283       4.260601940098141E-005   997.532119739656     
  0.560907556085020       4.260601940098141E-005   998.175369751511     
 -0.936386381685668       4.260601940098141E-005   983.495515708882     
 -0.952126148379560       4.260601940098141E-005   982.753029699051     
 -0.822256044052199       4.260601940098141E-005   988.549175151664     
  0.842680635823321       4.260601940098141E-005   988.051179162504     
 -0.576230556575525       4.260601940098141E-005   997.207640520298     
  0.804051963254215       4.260601940098141E-005   989.641554010631     
  0.572355902577262       4.260601940098141E-005   997.807883105382     
  0.858412615407944       4.260601940098141E-005   987.375767065240     
  0.134665579777637       4.260601940098141E-005   1005.26401822935     
  0.838397002730941       4.260601940098141E-005   988.229906225566     
  0.138949212870018       4.260601940098141E-005   1005.24708065087     
 -0.677787147483120       4.260601940098141E-005   994.000293887893     
 -0.556214943898522       4.260601940098141E-005   997.771730398710     
 -0.876616479897337       4.260601940098141E-005   986.217473176896     
  0.865576465651036       4.260601940098141E-005   987.057853124029     
  0.127500866377776       4.260601940098141E-005   1005.31745357403     
  0.905567231763622       4.260601940098141E-005   985.273753971700     
  0.545175576500397       4.260601940098141E-005   998.648036270987     
  0.815500309746457       4.260601940098141E-005   989.184253502674     
 -6.844760203755199E-002  4.260601940098141E-005   1005.52446472104     
 -4.414835626816931E-002  4.260601940098141E-005   1005.59742052320     
 -0.923665820008562       4.260601940098141E-005   984.100311311041     
  0.131784499470156       4.260601940098141E-005   1005.28018365276     
  0.822665023146318       4.260601940098141E-005   988.885788093554     
  0.869860098743417       4.260601940098141E-005   986.879402271865     
 -0.806524064467577       4.260601940098141E-005   989.191273481751     
 -0.916320862970605       4.260601940098141E-005   984.436297859306     
 -0.571946923483144       4.260601940098141E-005   997.327398080764     
 -6.416396894517187E-002  4.260601940098141E-005   1005.54628213778     
  0.831232289331080       4.260601940098141E-005   988.528018723088     
  0.889859752386137       4.260601940098141E-005   985.986875819690     
 -0.927676904276503       4.260601940098141E-005   983.916741255382     
 -0.470390332575549       4.260601940098141E-005   999.999962776334     
 -0.900869219319692       4.260601940098141E-005   985.144107211473     
 -0.724983086236986       4.260601940098141E-005   992.331057274332     
  0.580923168762023       4.260601940098141E-005   997.564436098608     
  0.161845905854502       4.260601940098141E-005   1005.06652693097     
  0.992002838406225       4.260601940098141E-005   981.159471226195     
 -0.368833741667954       4.260601940098141E-005   1002.15753961288     
 -0.860884500312715       4.260601940098141E-005   986.899123178041     
 -0.693519127067741       4.260601940098141E-005   993.457049146411     
 -0.380282088160196       4.260601940098141E-005   1001.93230315870     
 -0.713534739744744       4.260601940098141E-005   992.735174584377     
 -0.673503514390740       4.260601940098141E-005   994.139481595874     
 -0.481838679067791       4.260601940098141E-005   999.715187296600     
  0.565191189177400       4.260601940098141E-005   998.050344407502     
  0.412155026423558       4.260601940098141E-005   1001.69162518383     
 -0.826539677144579       4.260601940098141E-005   988.371306394410     
  0.362078007362209       4.260601940098141E-005   1002.60668023763     
  0.916945187414075       4.260601940098141E-005   984.761415013065     
 -0.603410882652389       4.260601940098141E-005   996.399168871056     
  0.615268208238749       4.260601940098141E-005   996.463846354451     
 -0.185736172529769       4.260601940098141E-005   1004.74074910203     
 -0.619142862237011       4.260601940098141E-005   995.915274652655     
 -0.697802760160122       4.260601940098141E-005   993.298119115330     
  0.377809986946831       4.260601940098141E-005   1002.33131033060     
  0.303433722116101       4.260601940098141E-005   1003.52742474740     
 -0.626307575636873       4.260601940098141E-005   995.670519766314     
  0.337778761592827       4.260601940098141E-005   1002.99048169268     
  0.439335352500422       4.260601940098141E-005   1001.14634354866     
  0.436454272192940       4.260601940098141E-005   1001.23148742605     
 -0.630591208729253       4.260601940098141E-005   995.550964762220     
 -0.436045293098823       4.260601940098141E-005   1000.77469101955     
  0.310598435515963       4.260601940098141E-005   1003.41617937060     
 -0.388849354344956       4.260601940098141E-005   1001.77113487200     
 -0.657771534806117       4.260601940098141E-005   994.663012165809     
  0.425005925700698       4.260601940098141E-005   1001.43870465631     
  0.655299433592754       4.260601940098141E-005   995.166060728452     
  0.811216676654076       4.260601940098141E-005   989.363342305315     
 -0.802240431375197       4.260601940098141E-005   989.349469122480     
 -0.348818128990951       4.260601940098141E-005   1002.50433168710     
 -0.517586271329415       4.260601940098141E-005   998.825384985859     
  0.314882068608343       4.260601940098141E-005   1003.36185580608     
 -0.373117374760334       4.260601940098141E-005   1002.07691789987     
 -0.869451982806066       4.260601940098141E-005   986.544172682596     
  0.342062394685207       4.260601940098141E-005   1002.93760936178     
  0.404990313023695       4.260601940098141E-005   1001.84117201384     
  0.775469084392452       4.260601940098141E-005   990.776257870571     
 -0.287292763437362       4.260601940098141E-005   1003.51290799526     
 -0.747879779221470       4.260601940098141E-005   991.482843172775     
 -0.903787937321977       4.260601940098141E-005   984.992257757176     
 -0.623426495329391       4.260601940098141E-005   995.775844844647     
  0.459350965177424       4.260601940098141E-005   1000.77930543719     
  0.736840411823346       4.260601940098141E-005   992.273861428635     
  0.729675698423485       4.260601940098141E-005   992.533549197914     
  0.686763392761999       4.260601940098141E-005   994.076882978596     
  0.892751612787287       4.260601940098141E-005   985.847189335660     
 -0.752163412313850       4.260601940098141E-005   991.324238047083     
  0.236222170685233       4.260601940098141E-005   1004.37440822899     
 -0.145704947175765       4.260601940098141E-005   1005.07941058835     
 -0.889467595483067       4.260601940098141E-005   985.645945881517     
 -0.361669028268092       4.260601940098141E-005   1002.28223375269     
  0.357794374269829       4.260601940098141E-005   1002.68038309582     
 -0.353101762083331       4.260601940098141E-005   1002.44355232448     
  0.533727230008154       4.260601940098141E-005   999.023877723826     
  0.154681192454640       4.260601940098141E-005   1005.13992469766     
 -0.639158474914013       4.260601940098141E-005   995.272217048853     
 -0.341653415591089       4.260601940098141E-005   1002.64894021181     
  0.249073069962373       4.260601940098141E-005   1004.22611237516     
  0.229057457285371       4.260601940098141E-005   1004.46702246412     
  0.206160764300887       4.260601940098141E-005   1004.68402332786     
 -0.842271656729201       4.260601940098141E-005   987.709612852611     
 -1.696803019130503E-002  4.260601940098141E-005   1005.65467807874     
  0.470799311669666       4.260601940098141E-005   1000.52678996141     
  0.483650210946806       4.260601940098141E-005   1000.24747519045     
  0.174696805131643       4.260601940098141E-005   1004.97620525737     
 -0.775060105298333       4.260601940098141E-005   990.436060710628     
  0.741124044915727       4.260601940098141E-005   992.114067345760     
  0.709660085746482       4.260601940098141E-005   993.274764073838     
 -0.646323188313875       4.260601940098141E-005   995.047254393502     
  0.608103494838888       4.260601940098141E-005   996.714527539249     
 -0.396014067744818       4.260601940098141E-005   1001.62651042030     
  5.928662793178589E-003  4.260601940098141E-005   1005.67042386662     
  1.737700928542051E-002  4.260601940098141E-005   1005.65842353442     
  0.209041844608369       4.260601940098141E-005   1004.66828121851     
  9.175327411615077E-002  4.260601940098141E-005   1005.49067049754     
 -0.416029680421820       4.260601940098141E-005   1001.22039842620     
 -0.400297700837198       4.260601940098141E-005   1001.54596306149     
 -1.236050606683096E-003  4.260601940098141E-005   1005.66458777333     
  1.021229588555874E-002  4.260601940098141E-005   1005.67259152502     
  0.213325477700749       4.260601940098141E-005   1004.63201650977     
 -0.443210006498684       4.260601940098141E-005   1000.63001199441     
 -0.454658352990926       4.260601940098141E-005   1000.36511093465     
 -0.220081212006495       4.260601940098141E-005   1004.38198695579     
  0.409273946116076       4.260601940098141E-005   1001.74704528142     
 -2.125166328368519E-002  4.260601940098141E-005   1005.65265844326     
  3.310898887004257E-002  4.260601940098141E-005   1005.64885956887     
 -0.318756722606606       4.260601940098141E-005   1003.01994834287     
  0.716824799146344       4.260601940098141E-005   992.992904546576     
  0.702495372346621       4.260601940098141E-005   993.514392021066     
  0.201877131208507       4.260601940098141E-005   1004.74090038712     
  6.457294803928675E-002  4.260601940098141E-005   1005.59054277750     
  0.147516479054779       4.260601940098141E-005   1005.17277497165     
 -0.873735615898445       4.260601940098141E-005   986.346923160702     
  0.118933600193015       4.260601940098141E-005   1005.35163480263     
  0.369242720762071       4.260601940098141E-005   1002.47701422505     
 -0.666338800990877       4.260601940098141E-005   994.384505427471     
 -0.192900885929631       4.260601940098141E-005   1004.67570787402     
 -9.803316791443415E-003  4.260601940098141E-005   1005.66041109904     
 -0.334488702191228       4.260601940098141E-005   1002.75370718447     
 -0.732147799636848       4.260601940098141E-005   992.065709297580     
  0.240505803777613       4.260601940098141E-005   1004.33868233450     
  0.287701742531479       4.260601940098141E-005   1003.74908561291     
  0.186145151623885       4.260601940098141E-005   1004.88681586439     
  8.458856071628901E-002  4.260601940098141E-005   1005.52435980507     
  0.111768886793153       4.260601940098141E-005   1005.40525096738     
 -0.407462414237060       4.260601940098141E-005   1001.38141957922     
  0.452186251777562       4.260601940098141E-005   1000.91417847723     
 -7.132868234503414E-002  4.260601940098141E-005   1005.50078465731     
  5.740823463942501E-002  4.260601940098141E-005   1005.60433568086     
 -0.325921436006467       4.260601940098141E-005   1002.91518064905     
  0.490814924346668       4.260601940098141E-005   1000.21032994300     
  8.030492762390883E-002  4.260601940098141E-005   1005.54180618203     
  0.100320540300911       4.260601940098141E-005   1005.45598663280     
 -0.177168906345009       4.260601940098141E-005   1004.82343236296     
  3.022790856256100E-002  4.260601940098141E-005   1005.64511651737     
  0.713943718838863       4.260601940098141E-005   993.114183586268     
  0.307717355208481       4.260601940098141E-005   1003.45148737116     
  6.028931494690658E-002  4.260601940098141E-005   1005.58800242552     
  5.312460154704481E-002  4.260601940098141E-005   1005.62197428262     
 -0.447493639591065       4.260601940098141E-005   1000.52971452704     
  0.619551841331130       4.260601940098141E-005   996.344523922822     
  0.862696248500324       4.260601940098141E-005   987.176911711177     
 -0.599127249560009       4.260601940098141E-005   996.518828211810     
 -0.149988580268145       4.260601940098141E-005   1005.05791398150     
 -0.267277150760360       4.260601940098141E-005   1003.80063071133     
 -0.298741109929604       4.260601940098141E-005   1003.34720155822     
 -0.305905823329465       4.260601940098141E-005   1003.22249820697     
 -0.294457476837223       4.260601940098141E-005   1003.40812588528     
 -0.720699453144606       4.260601940098141E-005   992.489833666163     
  0.220490191100611       4.260601940098141E-005   1004.53908475319     
 -0.853720003221443       4.260601940098141E-005   987.225619065363     
 -0.896585586227312       4.260601940098141E-005   985.340991835505     
 -0.204349232421873       4.260601940098141E-005   1004.54943581007     
 -0.393132987437336       4.260601940098141E-005   1001.67067819775     
 -0.165720559852767       4.260601940098141E-005   1004.92990120906     
 -0.138540233775903       4.260601940098141E-005   1005.14458469669     
  7.314021422404711E-002  4.260601940098141E-005   1005.55544115778     
  0.486531291254288       4.260601940098141E-005   1000.21785921669     
 -0.544766597406279       4.260601940098141E-005   998.096245419442     
  0.693928106161860       4.260601940098141E-005   993.836471320704     
  0.107485253700773       4.260601940098141E-005   1005.42246724451     
  2.594427547018082E-002  4.260601940098141E-005   1005.66291747729     
  3.739262196242274E-002  4.260601940098141E-005   1005.65119893159     
  0.506546903931290       4.260601940098141E-005   1000.00000000000     
 -0.759328125713711       4.260601940098141E-005   991.038736671206     
  0.764020737900210       4.260601940098141E-005   991.235378813007     
  0.158964825547021       4.260601940098141E-005   1005.10291679755     
  0.639567454008132       4.260601940098141E-005   995.693119533430     
  0.396423046838935       4.260601940098141E-005   1001.98082236900     
  0.416438659515937       4.260601940098141E-005   1001.62479211533     
  0.538010863100534       4.260601940098141E-005   998.878145334347     
  0.233341090377751       4.260601940098141E-005   1004.41052310000     
 -0.427478026914062       4.260601940098141E-005   1000.97536505835     
 -0.314473089514226       4.260601940098141E-005   1003.10072533871     
  0.463634598269804       4.260601940098141E-005   1000.70220484230     
 -0.650606821406255       4.260601940098141E-005   994.907940778604     
  0.384974700346693       4.260601940098141E-005   1002.20317174779     
 -0.111359907699039       4.260601940098141E-005   1005.31977703481     
  0.526562516608292       4.260601940098141E-005   999.199330906697     
 -0.474673965667929       4.260601940098141E-005   999.899744630992     
 -0.129972967591143       4.260601940098141E-005   1005.18766844408     
 -0.423194393821682       4.260601940098141E-005   1001.05583928988     
 -0.583395269975387       4.260601940098141E-005   996.982977851613     
  0.330614048192965       4.260601940098141E-005   1003.12211783827     
 -0.122808254191281       4.260601940098141E-005   1005.25289961967     
  0.193309865023747       4.260601940098141E-005   1004.81389694511     
  0.443618985592802       4.260601940098141E-005   1001.08907604472     
 -0.833704390544441       4.260601940098141E-005   988.065100072209     
  0.592371515254266       4.260601940098141E-005   997.209772051442     
  0.950705591691806       4.260601940098141E-005   983.163152909397     
  0.283418109439099       4.260601940098141E-005   1003.80439066085     
 -0.321637802914087       4.260601940098141E-005   1002.97603094049     
  0.795484697069454       4.260601940098141E-005   990.000139851418     
  0.166129538946882       4.260601940098141E-005   1005.04993119243     
  0.479366577854426       4.260601940098141E-005   1000.39328514724     
 -0.102792641514279       4.260601940098141E-005   1005.36306147903     
  0.689644473069480       4.260601940098141E-005   993.976207384607     
 -0.521869904421795       4.260601940098141E-005   998.705443967472     
 -0.529034617821657       4.260601940098141E-005   998.520766024182     
 -0.524750984729277       4.260601940098141E-005   998.620822198352     
  0.635283820915752       4.260601940098141E-005   995.835352405773     
 -0.118524621098901       4.260601940098141E-005   1005.27449166959     
  0.510830537023670       4.260601940098141E-005   999.701051211554     
 -0.463225619175687       4.260601940098141E-005   1000.16459510165     
  0.276253396039237       4.260601940098141E-005   1003.89559597460     
  0.497979637746530       4.260601940098141E-005   999.896612279372     
 -0.880900329298308       4.260601940098141E-005   986.040130312086     
  0.432170639100560       4.260601940098141E-005   1001.32173368403     
 -0.849436370129064       4.260601940098141E-005   987.403226180796     
 -0.740715065821608       4.260601940098141E-005   991.748318074444     
 -0.494689578344931       4.260601940098141E-005   999.394802054001     
  0.389258333439073       4.260601940098141E-005   1002.13183318607     
 -0.345937048683470       4.260601940098141E-005   1002.56824220498     
  0.849845349223183       4.260601940098141E-005   987.732905947430     
  0.256237783362235       4.260601940098141E-005   1004.15477084984     
  0.181861518531505       4.260601940098141E-005   1004.92349648931     
  0.350629660869967       4.260601940098141E-005   1002.78850183077     
 -0.420313313514200       4.260601940098141E-005   1001.12002169885     
  0.260521416454615       4.260601940098141E-005   1004.09877488853     
  0.267686129854477       4.260601940098141E-005   1004.00700987114     
  0.721108432238724       4.260601940098141E-005   992.853791838344     
 -0.908026145610284       4.260601940098141E-005   984.817220021788     
  0.768304370992591       4.260601940098141E-005   991.076153470689     
  0.748288758315588       4.260601940098141E-005   991.833879625613     
  0.761139657592729       4.260601940098141E-005   991.334771545098     
  0.334897681285345       4.260601940098141E-005   1003.04704288503     
  0.553742842685157       4.260601940098141E-005   998.391381905531     
  0.628119107515890       4.260601940098141E-005   996.058099994837     
  0.294866455931341       4.260601940098141E-005   1003.63723104226     
  0.673912493484858       4.260601940098141E-005   994.518807155460     
  0.791201063977074       4.260601940098141E-005   990.158941591385     
  0.666747780084996       4.260601940098141E-005   994.782591325997     
  0.784036350577213       4.260601940098141E-005   990.458290186423     
 -8.417958162217451E-002  4.260601940098141E-005   1005.45549800142     
  0.682479759669618       4.260601940098141E-005   994.238597030427     
 -0.549050230498660       4.260601940098141E-005   997.976394363445     
  0.646732167407994       4.260601940098141E-005   995.448568291598     
 -0.170004192945147       4.260601940098141E-005   1004.88851182437     
 -0.251545171175738       4.260601940098141E-005   1004.00758580959     
 -0.497570658652413       4.260601940098141E-005   999.330237480958     
  0.756856024500349       4.260601940098141E-005   991.514945942511     
 -0.158555846452905       4.260601940098141E-005   1004.97503970378     
 -0.271560783852740       4.260601940098141E-005   1003.73962844625     
  0.588087882161885       4.260601940098141E-005   997.330507048143     
 -4.843198936054943E-002  4.260601940098141E-005   1005.59552960708     
 -0.224364845098875       4.260601940098141E-005   1004.34077324804     
  0.885575256136987       4.260601940098141E-005   986.185448324273     
 -0.142823866868283       4.260601940098141E-005   1005.10309503883     
  0.513711617331152       4.260601940098141E-005   999.533095107471     
  0.612387127931268       4.260601940098141E-005   996.569441170521     
 -0.490405945252551       4.260601940098141E-005   999.514830548754     
  0.939637538136586       4.260601940098141E-005   983.700176452661     
  0.912680875588218       4.260601940098141E-005   984.958783827213     
 -7.561231543741427E-002  4.260601940098141E-005   1005.49900663581     
 -0.772179024990851       4.260601940098141E-005   990.543390606623     
 -0.779343738390713       4.260601940098141E-005   990.277648095050     
 -5.699925554530973E-002  4.260601940098141E-005   1005.55176858267     
  0.662464146992616       4.260601940098141E-005   994.923270746347     
 -3.698364286830729E-002  4.260601940098141E-005   1005.62304070255     
 -0.501854291744793       4.260601940098141E-005   999.230099493852     
 -0.537601884006417       4.260601940098141E-005   998.280972462796     
 -0.260112437360498       4.260601940098141E-005   1003.88550117252     
 -9.562792811441687E-002  4.260601940098141E-005   1005.40840938286     
 -0.795075717975335       4.260601940098141E-005   989.655330678640     
 -0.684951860882981       4.260601940098141E-005   993.735293248332     
 -0.115643540791419       4.260601940098141E-005   1005.27817666016     
  0.924140002174129       4.260601940098141E-005   984.422693510695     
 -0.240096824683496       4.260601940098141E-005   1004.15355975584     
  0.517995250423532       4.260601940098141E-005   999.525606099094     
 -0.217200131699013       4.260601940098141E-005   1004.40575402162     
 -0.278725497252601       4.260601940098141E-005   1003.63483243047     
 -0.247261538083358       4.260601940098141E-005   1004.04872150869     
  0.585206801854401       4.260601940098141E-005   997.413346366073     
 -0.815091330652337       4.260601940098141E-005   988.835285686473     
 -0.197184519022011       4.260601940098141E-005   1004.63441000506     
 -0.704967473559984       4.260601940098141E-005   993.052888949949     
 -0.700683840467603       4.260601940098141E-005   993.191938560304     
 -0.767895391898471       4.260601940098141E-005   990.721707404913     
 -0.591962536160147       4.260601940098141E-005   996.743558264388     
 -0.244380457775876       4.260601940098141E-005   1004.09247475051     
 -0.799359351067715       4.260601940098141E-005   989.477224980567     
 -9.134429502203675E-002  4.260601940098141E-005   1005.43010765456     
 -0.596246169252527       4.260601940098141E-005   996.604019930818     
 -0.212916498606633       4.260601940098141E-005   1004.46692758024     
 -0.611978148837149       4.260601940098141E-005   996.120197353848     
  0.788319983669593       4.260601940098141E-005   990.278731770117     
  0.897018423688616       4.260601940098141E-005   985.669693330093     
 -4.126727596068749E-002  4.260601940098141E-005   1005.60108859959     
 -2.841637668354703E-002  4.260601940098141E-005   1005.62694257856     
  0.944350930167834       4.260601940098141E-005   983.481771911661     
  0.933117706031233       4.260601940098141E-005   984.007254003655     
  0.983804133307432       4.260601940098141E-005   981.556181472977     
  0.970252824765524       4.260601940098141E-005   982.234705548006     
 -0.946867901096300       4.260601940098141E-005   983.002023587173     
 -0.954495638612997       4.260601940098141E-005   982.648975219984     
 -0.961710745596456       4.260601940098141E-005   982.289624724840     
  0.985263932854690       4.260601940098141E-005   981.497320843079     
  0.965283781549810       4.260601940098141E-005   982.465959067687     
 -0.993273080952269       4.260601940098141E-005   980.753772909373     
 -0.968078954870885       4.260601940098141E-005   981.993117805630     
  0.992996518037655       4.260601940098141E-005   981.106161392176     
 -0.942766956187046       4.260601940098141E-005   983.207118357968     
 -0.985328624050608       4.260601940098141E-005   981.145745269443     
 -0.971193116945090       4.260601940098141E-005   981.839074149817     
