  -1.11011129053186      -4.991647734254867E-004   863.345799778714     
   1.11174975133386      -4.991647734254867E-004   861.294590252710     
  -1.10953470120959      -4.991647734254867E-004   863.972681185227     
   1.13009091742864      -4.991647734254867E-004   839.260053017385     
  -1.03205727867641      -4.991647734254867E-004   958.398725432307     
  -1.07886430262895      -4.991647734254867E-004   900.336584584130     
   1.07913546415324      -4.991647734254867E-004   899.950744793935     
   1.11282791307278      -4.991647734254867E-004   860.295003021828     
  -1.07770040489409      -4.991647734254867E-004   901.761631630825     
   1.12894953503176      -4.991647734254867E-004   841.909799935348     
   1.06340101579350      -4.991647734254867E-004   919.558976182145     
   1.21101658716213      -4.991647734254867E-004   750.712980213422     
  -1.17572028130061      -4.991647734254867E-004   788.796878273473     
  -1.06313579403385      -4.991647734254867E-004   919.929693462822     
  -1.01587339175771      -4.991647734254867E-004   978.335419495264     
   1.03130727776422      -4.991647734254867E-004   959.329706086794     
   1.27576949394106      -4.991647734254867E-004   683.165446604300     
  -1.15897986738049      -4.991647734254867E-004   807.882106996361     
   1.37311892286550      -4.991647734254867E-004   587.792789252787     
  -1.12621707825226      -4.991647734254867E-004   845.081335799126     
   1.25858494319800      -4.991647734254867E-004   700.820234109851     
   1.17855588076192      -4.991647734254867E-004   785.924240525221     
  -1.32160010174455      -4.991647734254867E-004   637.463194234853     
   1.35585698363650      -4.991647734254867E-004   604.176516237115     
   1.30822843199317      -4.991647734254867E-004   650.590383294227     
   1.35804402729745      -4.991647734254867E-004   601.596030495915     
  -1.30634434099853      -4.991647734254867E-004   652.293521186264     
  -1.30420642339543      -4.991647734254867E-004   654.307512070535     
  -1.32371772073548      -4.991647734254867E-004   634.361266077512     
  -1.56597249646204      -4.991647734254867E-004   417.236649957724     
  -1.54867753059124      -4.991647734254867E-004   431.668336949959     
  -1.35411904993704      -4.991647734254867E-004   605.921760987983     
  -1.40169135224208      -4.991647734254867E-004   560.719824019829     
  -1.64819854546490      -4.991647734254867E-004   350.509600120833     
   1.61540543194115      -4.991647734254867E-004   376.788786733528     
  -1.36926271493230      -4.991647734254867E-004   591.099850136102     
  -1.61573238375350      -4.991647734254867E-004   376.283726150580     
  -1.56387319649387      -4.991647734254867E-004   418.582750563939     
  -1.55081231539594      -4.991647734254867E-004   429.409642806088     
   1.65011942386518      -4.991647734254867E-004   349.182859514178     
  -1.40381728361388      -4.991647734254867E-004   559.005532231396     
  -1.41896724731998      -4.991647734254867E-004   545.202017703520     
  -1.66123946814265      -4.991647734254867E-004   340.176101348025     
  -1.42109955443600      -4.991647734254867E-004   542.507727037835     
   1.22622614503401      -4.991647734254867E-004   734.625364813374     
  -1.59843801918104      -4.991647734254867E-004   390.623411987059     
  -1.17494464242194      -4.991647734254867E-004   789.780256013481     
   1.32556223627303      -4.991647734254867E-004   632.933715554188     
   1.66523145665084      -4.991647734254867E-004   337.540414908514     
  -1.66336977372586      -4.991647734254867E-004   338.964896939911     
   1.98455504035989      -4.991647734254867E-004   109.771709534840     
  -1.98519586035613      -4.991647734254867E-004   109.010140325542     
  -1.20863468488757      -4.991647734254867E-004   753.037480305637     
   1.69993102226315      -4.991647734254867E-004   310.114435972127     
  -1.64607304674529      -4.991647734254867E-004   352.496668554365     
  -1.20704736970322      -4.991647734254867E-004   754.820739668591     
  -1.69583928693043      -4.991647734254867E-004   313.887116722628     
  -1.69370361483900      -4.991647734254867E-004   315.056039899430     
   1.26062527161573      -4.991647734254867E-004   697.947450399547     
   1.69769327596965      -4.991647734254867E-004   312.488859433032     
  -1.45140169343226      -4.991647734254867E-004   515.872856449643     
  -1.45352528947430      -4.991647734254867E-004   513.305163417202     
  -1.61360745391187      -4.991647734254867E-004   378.351164680443     
   1.40558390742781      -4.991647734254867E-004   557.484434236038     
  -1.71314303137792      -4.991647734254867E-004   300.424176454704     
  -1.71100670664621      -4.991647734254867E-004   302.271009131347     
   1.71504310783247      -4.991647734254867E-004   299.146127472591     
  -1.22399699824875      -4.991647734254867E-004   737.029418113561     
  -1.46654863784332      -4.991647734254867E-004   501.997513397130     
  -1.22229515851716      -4.991647734254867E-004   737.512802283947     
  -1.46867746476444      -4.991647734254867E-004   500.429429413969     
   1.71280470902837      -4.991647734254867E-004   300.780541453796     
   1.42294254556693      -4.991647734254867E-004   541.127398755333     
   1.01518878744715      -4.991647734254867E-004   979.273253470153     
  -1.01513512670165      -4.991647734254867E-004   979.331247344283     
   1.01506973010000      -4.991647734254867E-004   979.411890057900     
   1.81021777555328      -4.991647734254867E-004   228.969517246049     
  -1.85617121363185      -4.991647734254867E-004   196.674562691210     
   1.85884033949502      -4.991647734254867E-004   194.799020673290     
   1.46830765695236      -4.991647734254867E-004   500.159053373289     
  -1.81056566956469      -4.991647734254867E-004   228.731786104132     
   1.37099236981912      -4.991647734254867E-004   589.171337729363     
   1.42072854170910      -4.991647734254867E-004   543.500198002981     
   1.51806418678010      -4.991647734254867E-004   457.475329017029     
   1.74526883653453      -4.991647734254867E-004   276.407276928422     
   1.84193655182882      -4.991647734254867E-004   206.426094711562     
  -1.25647950203325      -4.991647734254867E-004   703.047725519240     
  -1.88814023617992      -4.991647734254867E-004   174.507015067170     
  -1.37139772354071      -4.991647734254867E-004   589.294752816395     
  -1.84200314115386      -4.991647734254867E-004   206.423175415362     
   1.45320088486684      -4.991647734254867E-004   514.168534355380     
   1.40339894332940      -4.991647734254867E-004   558.851944503516     
   1.50074216019625      -4.991647734254867E-004   471.802871465603     
   1.45540581051572      -4.991647734254867E-004   511.909479878842     
  -1.74561489481813      -4.991647734254867E-004   276.090118722797     
  -1.74347712793166      -4.991647734254867E-004   277.869920364383     
   1.74751015844370      -4.991647734254867E-004   274.831111120523     
   1.47051951553434      -4.991647734254867E-004   498.889007155603     
   1.50294831420371      -4.991647734254867E-004   470.592896689247     
   1.79509749082677      -4.991647734254867E-004   240.085075634850     
   1.76486645494364      -4.991647734254867E-004   261.569345606081     
  -1.75864548044367      -4.991647734254867E-004   266.210745499064     
   1.76262445408705      -4.991647734254867E-004   263.775234018085     
   1.59804207916571      -4.991647734254867E-004   390.257320138602     
  -1.76078157165609      -4.991647734254867E-004   265.126272008402     
  -1.79325597936592      -4.991647734254867E-004   241.416402130775     
   1.84438756009554      -4.991647734254867E-004   204.861071537834     
  -1.27375496849836      -4.991647734254867E-004   685.027188913048     
  -1.25848869446363      -4.991647734254867E-004   699.698397854588     
  -1.83970987312756      -4.991647734254867E-004   208.130419720094     
   1.86102078566638      -4.991647734254867E-004   192.856511160183     
   1.61767168498920      -4.991647734254867E-004   374.924527114939     
  -1.27167519618430      -4.991647734254867E-004   687.099990276196     
   1.55274713220234      -4.991647734254867E-004   428.019414023402     
  -1.35625215508517      -4.991647734254867E-004   602.961239188967     
  -1.79092605525298      -4.991647734254867E-004   242.603686127517     
  -1.80823211045079      -4.991647734254867E-004   230.527160876179     
   1.79724674746305      -4.991647734254867E-004   238.025372134216     
   1.81236348770282      -4.991647734254867E-004   227.572993732733     
  -1.85368524108503      -4.991647734254867E-004   197.895940117126     
  -1.51837107477229      -4.991647734254867E-004   456.784191508500     
  -1.50109523970315      -4.991647734254867E-004   472.119260556331     
   1.55050097896620      -4.991647734254867E-004   430.031781138375     
  -1.49897068392836      -4.991647734254867E-004   473.615418839933     
  -1.51624151445600      -4.991647734254867E-004   459.140053347754     
  -1.59633759709550      -4.991647734254867E-004   391.912939314641     
   1.60031855800743      -4.991647734254867E-004   389.140885221419     
   1.64787059170858      -4.991647734254867E-004   350.958874751424     
   1.32344828378860      -4.991647734254867E-004   635.575975126673     
  -1.92599207963896      -4.991647734254867E-004   148.546093112785     
   1.56785621770257      -4.991647734254867E-004   415.729322787237     
   1.30618772422245      -4.991647734254867E-004   652.031169502680     
   1.56559996649562      -4.991647734254867E-004   416.878072695788     
   1.52027602088958      -4.991647734254867E-004   455.402850263018     
   1.16149711106144      -4.991647734254867E-004   805.029153966892     
   1.16327130908809      -4.991647734254867E-004   801.901388355731     
   1.27378332168396      -4.991647734254867E-004   684.632925541482     
   1.22823116300078      -4.991647734254867E-004   731.619716201272     
   1.17677143607194      -4.991647734254867E-004   787.481474642946     
  -1.94648178824822      -4.991647734254867E-004   134.986775677685     
   1.20903976364430      -4.991647734254867E-004   752.361942676942     
   1.96927108577604      -4.991647734254867E-004   119.442166979058     
  -1.93017947110822      -4.991647734254867E-004   145.729002728195     
   1.07989368101515      -4.991647734254867E-004   899.196115887226     
  -1.15877967527456      -4.991647734254867E-004   806.653806936571     
  -1.94862902846588      -4.991647734254867E-004   133.551509715903     
   1.98539093465235      -4.991647734254867E-004   109.210688285776     
   1.89935148465629      -4.991647734254867E-004   166.609168034217     
   1.97047512783386      -4.991647734254867E-004   119.134331838104     
  -1.89907570176092      -4.991647734254867E-004   166.899422804573     
  -1.90178870287350      -4.991647734254867E-004   165.005822962664     
  -1.97253561117503      -4.991647734254867E-004   117.652307585552     
  -1.97468285139270      -4.991647734254867E-004   116.257733056047     
   1.92737429822073      -4.991647734254867E-004   147.627266053884     
   1.92638523507682      -4.991647734254867E-004   148.425570624230     
   1.94032028113502      -4.991647734254867E-004   138.705903427080     
   1.94125612719181      -4.991647734254867E-004   138.516528706495     
   1.88709667336086      -4.991647734254867E-004   175.236891336221     
   1.90024859481031      -4.991647734254867E-004   166.172486687635     
  -1.88108204717032      -4.991647734254867E-004   178.874092989023     
  -1.98875942622299      -4.991647734254867E-004   107.164924498123     
   1.88862548651532      -4.991647734254867E-004   173.797180598993     
