  -1.11011129053186      -4.991647734254867E-004   1033.30988814558     
   1.11174975133386      -4.991647734254867E-004   1033.74756864371     
  -1.10953470120959      -4.991647734254867E-004   1033.34418182584     
   1.13009091742864      -4.991647734254867E-004   1032.09531693156     
  -1.03205727867641      -4.991647734254867E-004   1040.63347471326     
  -1.07886430262895      -4.991647734254867E-004   1036.16336773080     
   1.07913546415324      -4.991647734254867E-004   1036.72877902011     
   1.11282791307278      -4.991647734254867E-004   1033.70227522797     
  -1.07770040489409      -4.991647734254867E-004   1036.25838348359     
   1.12894953503176      -4.991647734254867E-004   1032.26784205237     
   1.06340101579350      -4.991647734254867E-004   1038.25720853102     
   1.21101658716213      -4.991647734254867E-004   1025.24613891196     
  -1.17572028130061      -4.991647734254867E-004   1027.54582889464     
  -1.06313579403385      -4.991647734254867E-004   1037.66702688149     
  -1.01587339175771      -4.991647734254867E-004   1042.17994793771     
   1.03130727776422      -4.991647734254867E-004   1041.32364651900     
   1.27576949394106      -4.991647734254867E-004   1020.03245575687     
  -1.15897986738049      -4.991647734254867E-004   1029.02427535815     
   1.37311892286550      -4.991647734254867E-004   1012.66924344213     
  -1.12621707825226      -4.991647734254867E-004   1031.89387380474     
   1.25858494319800      -4.991647734254867E-004   1021.38100945142     
   1.17855588076192      -4.991647734254867E-004   1027.96351937502     
  -1.32160010174455      -4.991647734254867E-004   1015.87390507927     
   1.35585698363650      -4.991647734254867E-004   1013.92098938240     
   1.30822843199317      -4.991647734254867E-004   1017.51773158498     
   1.35804402729745      -4.991647734254867E-004   1013.74853962689     
  -1.30634434099853      -4.991647734254867E-004   1017.01327854867     
  -1.30420642339543      -4.991647734254867E-004   1017.17982645041     
  -1.32371772073548      -4.991647734254867E-004   1015.62412146359     
  -1.56597249646204      -4.991647734254867E-004   998.857108006466     
  -1.54867753059124      -4.991647734254867E-004   999.977235219793     
  -1.35411904993704      -4.991647734254867E-004   1013.43883931675     
  -1.40169135224208      -4.991647734254867E-004   1009.95366257620     
  -1.64819854546490      -4.991647734254867E-004   993.693121466864     
   1.61540543194115      -4.991647734254867E-004   996.357335156664     
  -1.36926271493230      -4.991647734254867E-004   1012.29984327118     
  -1.61573238375350      -4.991647734254867E-004   995.686595948048     
  -1.56387319649387      -4.991647734254867E-004   998.970479918714     
  -1.55081231539594      -4.991647734254867E-004   999.793960898011     
   1.65011942386518      -4.991647734254867E-004   994.247510949000     
  -1.40381728361388      -4.991647734254867E-004   1009.81091754351     
  -1.41896724731998      -4.991647734254867E-004   1008.74981751067     
  -1.66123946814265      -4.991647734254867E-004   992.906278425060     
  -1.42109955443600      -4.991647734254867E-004   1008.53213095694     
   1.22622614503401      -4.991647734254867E-004   1023.98993993067     
  -1.59843801918104      -4.991647734254867E-004   996.799451686212     
  -1.17494464242194      -4.991647734254867E-004   1027.63427465913     
   1.32556223627303      -4.991647734254867E-004   1016.16835355368     
   1.66523145665084      -4.991647734254867E-004   993.335496543521     
  -1.66336977372586      -4.991647734254867E-004   992.803785981280     
   1.98455504035989      -4.991647734254867E-004   975.738928335516     
  -1.98519586035613      -4.991647734254867E-004   974.960601990554     
  -1.20863468488757      -4.991647734254867E-004   1024.78728186510     
   1.69993102226315      -4.991647734254867E-004   991.239388741804     
  -1.64607304674529      -4.991647734254867E-004   993.854878105488     
  -1.20704736970322      -4.991647734254867E-004   1024.93685944463     
  -1.69583928693043      -4.991647734254867E-004   990.863254597535     
  -1.69370361483900      -4.991647734254867E-004   990.962342773269     
   1.26062527161573      -4.991647734254867E-004   1021.18792255579     
   1.69769327596965      -4.991647734254867E-004   991.398800789740     
  -1.45140169343226      -4.991647734254867E-004   1006.48426607765     
  -1.45352528947430      -4.991647734254867E-004   1006.27655466496     
  -1.61360745391187      -4.991647734254867E-004   995.854735588272     
   1.40558390742781      -4.991647734254867E-004   1010.32883442643     
  -1.71314303137792      -4.991647734254867E-004   989.817633097762     
  -1.71100670664621      -4.991647734254867E-004   989.968246419309     
   1.71504310783247      -4.991647734254867E-004   990.379188802073     
  -1.22399699824875      -4.991647734254867E-004   1023.55801953114     
  -1.46654863784332      -4.991647734254867E-004   1005.41741847983     
  -1.22229515851716      -4.991647734254867E-004   1023.60775068763     
  -1.46867746476444      -4.991647734254867E-004   1005.28636382155     
   1.71280470902837      -4.991647734254867E-004   990.481765107380     
   1.42294254556693      -4.991647734254867E-004   1009.07867301084     
   1.01518878744715      -4.991647734254867E-004   1042.87859892234     
  -1.01513512670165      -4.991647734254867E-004   1042.23811935717     
   1.01506973010000      -4.991647734254867E-004   1042.85440911191     
   1.81021777555328      -4.991647734254867E-004   984.927930277035     
  -1.85617121363185      -4.991647734254867E-004   981.784764093393     
   1.85884033949502      -4.991647734254867E-004   982.296637122899     
   1.46830765695236      -4.991647734254867E-004   1005.87653287397     
  -1.81056566956469      -4.991647734254867E-004   984.265604959380     
   1.37099236981912      -4.991647734254867E-004   1012.74956839796     
   1.42072854170910      -4.991647734254867E-004   1009.23604376596     
   1.51806418678010      -4.991647734254867E-004   1002.59181599757     
   1.74526883653453      -4.991647734254867E-004   988.597081779086     
   1.84193655182882      -4.991647734254867E-004   983.183766181588     
  -1.25647950203325      -4.991647734254867E-004   1020.93584183711     
  -1.88814023617992      -4.991647734254867E-004   980.066271002364     
  -1.37139772354071      -4.991647734254867E-004   1012.14986716790     
  -1.84200314115386      -4.991647734254867E-004   982.536612790116     
   1.45320088486684      -4.991647734254867E-004   1006.97086757038     
   1.40339894332940      -4.991647734254867E-004   1010.40877061581     
   1.50074216019625      -4.991647734254867E-004   1003.68644955245     
   1.45540581051572      -4.991647734254867E-004   1006.82185550410     
  -1.74561489481813      -4.991647734254867E-004   987.933825010663     
  -1.74347712793166      -4.991647734254867E-004   988.079145961776     
   1.74751015844370      -4.991647734254867E-004   988.499073537363     
   1.47051951553434      -4.991647734254867E-004   1005.80330886644     
   1.50294831420371      -4.991647734254867E-004   1003.61749385021     
   1.79509749082677      -4.991647734254867E-004   985.799829434044     
   1.76486645494364      -4.991647734254867E-004   987.485775985856     
  -1.75864548044367      -4.991647734254867E-004   987.180707203297     
   1.76262445408705      -4.991647734254867E-004   987.632052342316     
   1.59804207916571      -4.991647734254867E-004   997.386491989499     
  -1.76078157165609      -4.991647734254867E-004   987.088349680224     
  -1.79325597936592      -4.991647734254867E-004   985.251894454995     
   1.84438756009554      -4.991647734254867E-004   983.087645521216     
  -1.27375496849836      -4.991647734254867E-004   1019.53961046347     
  -1.25848869446363      -4.991647734254867E-004   1020.66649606933     
  -1.83970987312756      -4.991647734254867E-004   982.676809809619     
   1.86102078566638      -4.991647734254867E-004   982.171872388884     
   1.61767168498920      -4.991647734254867E-004   996.237249893923     
  -1.27167519618430      -4.991647734254867E-004   1019.71093926146     
   1.55274713220234      -4.991647734254867E-004   1000.34057216073     
  -1.35625215508517      -4.991647734254867E-004   1013.20018229046     
  -1.79092605525298      -4.991647734254867E-004   985.352186385418     
  -1.80823211045079      -4.991647734254867E-004   984.412265235530     
   1.79724674746305      -4.991647734254867E-004   985.665081201277     
   1.81236348770282      -4.991647734254867E-004   984.844340395686     
  -1.85368524108503      -4.991647734254867E-004   981.888162499380     
  -1.51837107477229      -4.991647734254867E-004   1001.90963583249     
  -1.50109523970315      -4.991647734254867E-004   1003.09897115908     
   1.55050097896620      -4.991647734254867E-004   1000.47160506927     
  -1.49897068392836      -4.991647734254867E-004   1003.22428520292     
  -1.51624151445600      -4.991647734254867E-004   1002.10060246693     
  -1.59633759709550      -4.991647734254867E-004   996.908290420994     
   1.60031855800743      -4.991647734254867E-004   997.323866098497     
   1.64787059170858      -4.991647734254867E-004   994.360931644745     
   1.32344828378860      -4.991647734254867E-004   1016.34500957171     
  -1.92599207963896      -4.991647734254867E-004   978.061633928943     
   1.56785621770257      -4.991647734254867E-004   999.378575483414     
   1.30618772422245      -4.991647734254867E-004   1017.60175689896     
   1.56559996649562      -4.991647734254867E-004   999.443442707995     
   1.52027602088958      -4.991647734254867E-004   1002.45646029529     
   1.16149711106144      -4.991647734254867E-004   1029.42250532915     
   1.16327130908809      -4.991647734254867E-004   1029.21192169720     
   1.27378332168396      -4.991647734254867E-004   1020.11785017690     
   1.22823116300078      -4.991647734254867E-004   1023.78728766258     
   1.17677143607194      -4.991647734254867E-004   1028.05369431395     
  -1.94648178824822      -4.991647734254867E-004   977.008065023491     
   1.20903976364430      -4.991647734254867E-004   1025.34408911503     
   1.96927108577604      -4.991647734254867E-004   976.499320350923     
  -1.93017947110822      -4.991647734254867E-004   977.826917636924     
   1.07989368101515      -4.991647734254867E-004   1036.70353939671     
  -1.15877967527456      -4.991647734254867E-004   1028.94282428088     
  -1.94862902846588      -4.991647734254867E-004   976.887048095071     
   1.98539093465235      -4.991647734254867E-004   975.665316259597     
   1.89935148465629      -4.991647734254867E-004   980.103335128207     
   1.97047512783386      -4.991647734254867E-004   976.447395901629     
  -1.89907570176092      -4.991647734254867E-004   979.481795334977     
  -1.90178870287350      -4.991647734254867E-004   979.324243531621     
  -1.97253561117503      -4.991647734254867E-004   975.669920101615     
  -1.97468285139270      -4.991647734254867E-004   975.540792874205     
   1.92737429822073      -4.991647734254867E-004   978.635516708968     
   1.92638523507682      -4.991647734254867E-004   978.723866310245     
   1.94032028113502      -4.991647734254867E-004   977.986752202351     
   1.94125612719181      -4.991647734254867E-004   977.944914901006     
   1.88709667336086      -4.991647734254867E-004   980.783295728223     
   1.90024859481031      -4.991647734254867E-004   980.095299885831     
  -1.88108204717032      -4.991647734254867E-004   980.414087934099     
  -1.98875942622299      -4.991647734254867E-004   974.851220032272     
   1.88862548651532      -4.991647734254867E-004   980.697961309451     
