  -1.11011129053186      -4.991647734254867E-004   489.435624239905     
   1.11174975133386      -4.991647734254867E-004   489.280697283126     
  -1.10953470120959      -4.991647734254867E-004   489.483992615353     
   1.13009091742864      -4.991647734254867E-004   487.578551470302     
  -1.03205727867641      -4.991647734254867E-004   496.783926054880     
  -1.07886430262895      -4.991647734254867E-004   492.295330600593     
   1.07913546415324      -4.991647734254867E-004   492.268117239656     
   1.11282791307278      -4.991647734254867E-004   489.203859204659     
  -1.07770040489409      -4.991647734254867E-004   492.405421960458     
   1.12894953503176      -4.991647734254867E-004   487.782801471329     
   1.06340101579350      -4.991647734254867E-004   493.783583825525     
   1.21101658716213      -4.991647734254867E-004   480.735164687489     
  -1.17572028130061      -4.991647734254867E-004   483.672021949472     
  -1.06313579403385      -4.991647734254867E-004   493.809983042080     
  -1.01587339175771      -4.991647734254867E-004   498.325191383764     
   1.03130727776422      -4.991647734254867E-004   496.857039374644     
   1.27576949394106      -4.991647734254867E-004   475.514687907564     
  -1.15897986738049      -4.991647734254867E-004   485.147589613498     
   1.37311892286550      -4.991647734254867E-004   468.143198381433     
  -1.12621707825226      -4.991647734254867E-004   488.023519681511     
   1.25858494319800      -4.991647734254867E-004   476.878740406279     
   1.17855588076192      -4.991647734254867E-004   483.456405115441     
  -1.32160010174455      -4.991647734254867E-004   471.970818437215     
   1.35585698363650      -4.991647734254867E-004   469.408987672868     
   1.30822843199317      -4.991647734254867E-004   472.996990696663     
   1.35804402729745      -4.991647734254867E-004   469.210759313430     
  -1.30634434099853      -4.991647734254867E-004   473.117590366791     
  -1.30420642339543      -4.991647734254867E-004   473.273512313794     
  -1.32371772073548      -4.991647734254867E-004   471.730981386230     
  -1.56597249646204      -4.991647734254867E-004   454.935370235789     
  -1.54867753059124      -4.991647734254867E-004   456.052196076022     
  -1.35411904993704      -4.991647734254867E-004   469.531652155416     
  -1.40169135224208      -4.991647734254867E-004   466.035961498307     
  -1.64819854546490      -4.991647734254867E-004   449.770663560567     
   1.61540543194115      -4.991647734254867E-004   451.829958275194     
  -1.36926271493230      -4.991647734254867E-004   468.385554511447     
  -1.61573238375350      -4.991647734254867E-004   451.765953185918     
  -1.56387319649387      -4.991647734254867E-004   455.039808948459     
  -1.55081231539594      -4.991647734254867E-004   455.877604179739     
   1.65011942386518      -4.991647734254867E-004   449.697879062286     
  -1.40381728361388      -4.991647734254867E-004   465.903145856241     
  -1.41896724731998      -4.991647734254867E-004   464.835540967368     
  -1.66123946814265      -4.991647734254867E-004   448.970558025839     
  -1.42109955443600      -4.991647734254867E-004   464.627223447657     
   1.22622614503401      -4.991647734254867E-004   479.491447072254     
  -1.59843801918104      -4.991647734254867E-004   452.875647792139     
  -1.17494464242194      -4.991647734254867E-004   483.748172340581     
   1.32556223627303      -4.991647734254867E-004   471.632883226235     
   1.66523145665084      -4.991647734254867E-004   448.796245459869     
  -1.66336977372586      -4.991647734254867E-004   448.876482216251     
   1.98455504035989      -4.991647734254867E-004   431.188499931949     
  -1.98519586035613      -4.991647734254867E-004   431.030579510128     
  -1.20863468488757      -4.991647734254867E-004   480.907278009302     
   1.69993102226315      -4.991647734254867E-004   446.678636480900     
  -1.64607304674529      -4.991647734254867E-004   449.924198105632     
  -1.20704736970322      -4.991647734254867E-004   481.045288532663     
  -1.69583928693043      -4.991647734254867E-004   446.934483987785     
  -1.69370361483900      -4.991647734254867E-004   447.025322978989     
   1.26062527161573      -4.991647734254867E-004   476.657644131783     
   1.69769327596965      -4.991647734254867E-004   446.859007089497     
  -1.45140169343226      -4.991647734254867E-004   462.566909100060     
  -1.45352528947430      -4.991647734254867E-004   462.368387394858     
  -1.61360745391187      -4.991647734254867E-004   451.925720919609     
   1.40558390742781      -4.991647734254867E-004   465.800465797553     
  -1.71314303137792      -4.991647734254867E-004   445.892088708199     
  -1.71100670664621      -4.991647734254867E-004   446.034782861547     
   1.71504310783247      -4.991647734254867E-004   445.828861286240     
  -1.22399699824875      -4.991647734254867E-004   479.669607594526     
  -1.46654863784332      -4.991647734254867E-004   461.493769213387     
  -1.22229515851716      -4.991647734254867E-004   479.707288222239     
  -1.46867746476444      -4.991647734254867E-004   461.372220944277     
   1.71280470902837      -4.991647734254867E-004   445.951954548056     
   1.42294254556693      -4.991647734254867E-004   464.536842062219     
   1.01518878744715      -4.991647734254867E-004   498.398294834562     
  -1.01513512670165      -4.991647734254867E-004   498.402158333895     
   1.01506973010000      -4.991647734254867E-004   498.408943082446     
   1.81021777555328      -4.991647734254867E-004   440.397181030721     
  -1.85617121363185      -4.991647734254867E-004   437.850980093342     
   1.85884033949502      -4.991647734254867E-004   437.756579466511     
   1.46830765695236      -4.991647734254867E-004   461.367672468914     
  -1.81056566956469      -4.991647734254867E-004   440.336620866237     
   1.37099236981912      -4.991647734254867E-004   468.248601146962     
   1.42072854170910      -4.991647734254867E-004   464.718812190319     
   1.51806418678010      -4.991647734254867E-004   458.068531408578     
   1.74526883653453      -4.991647734254867E-004   444.066786294521     
   1.84193655182882      -4.991647734254867E-004   438.653052711612     
  -1.25647950203325      -4.991647734254867E-004   477.042160649370     
  -1.88814023617992      -4.991647734254867E-004   436.131829074417     
  -1.37139772354071      -4.991647734254867E-004   468.245737418022     
  -1.84200314115386      -4.991647734254867E-004   438.606772749816     
   1.45320088486684      -4.991647734254867E-004   462.451387419573     
   1.40339894332940      -4.991647734254867E-004   465.904917283393     
   1.50074216019625      -4.991647734254867E-004   459.175444585261     
   1.45540581051572      -4.991647734254867E-004   462.278321476541     
  -1.74561489481813      -4.991647734254867E-004   444.006991870865     
  -1.74347712793166      -4.991647734254867E-004   444.144545470841     
   1.74751015844370      -4.991647734254867E-004   443.948633369659     
   1.47051951553434      -4.991647734254867E-004   461.270974227186     
   1.50294831420371      -4.991647734254867E-004   459.083513498579     
   1.79509749082677      -4.991647734254867E-004   441.259384796803     
   1.76486645494364      -4.991647734254867E-004   442.925176473780     
  -1.75864548044367      -4.991647734254867E-004   443.241584223986     
   1.76262445408705      -4.991647734254867E-004   443.091659163501     
   1.59804207916571      -4.991647734254867E-004   452.870401095845     
  -1.76078157165609      -4.991647734254867E-004   443.157134913507     
  -1.79325597936592      -4.991647734254867E-004   441.319683325642     
   1.84438756009554      -4.991647734254867E-004   438.537807865298     
  -1.27375496849836      -4.991647734254867E-004   475.648733859800     
  -1.25848869446363      -4.991647734254867E-004   476.783208231190     
  -1.83970987312756      -4.991647734254867E-004   438.739687894097     
   1.86102078566638      -4.991647734254867E-004   437.612593173439     
   1.61767168498920      -4.991647734254867E-004   451.688197023841     
  -1.27167519618430      -4.991647734254867E-004   475.809178130362     
   1.55274713220234      -4.991647734254867E-004   455.793165211805     
  -1.35625215508517      -4.991647734254867E-004   469.302744919937     
  -1.79092605525298      -4.991647734254867E-004   441.412247458359     
  -1.80823211045079      -4.991647734254867E-004   440.475836105137     
   1.79724674746305      -4.991647734254867E-004   441.104781753706     
   1.81236348770282      -4.991647734254867E-004   440.294148971728     
  -1.85368524108503      -4.991647734254867E-004   437.947022238421     
  -1.51837107477229      -4.991647734254867E-004   457.995763850034     
  -1.50109523970315      -4.991647734254867E-004   459.182062013470     
   1.55050097896620      -4.991647734254867E-004   455.946755005905     
  -1.49897068392836      -4.991647734254867E-004   459.298066783193     
  -1.51624151445600      -4.991647734254867E-004   458.177883603934     
  -1.59633759709550      -4.991647734254867E-004   452.975731517386     
   1.60031855800743      -4.991647734254867E-004   452.786178992205     
   1.64787059170858      -4.991647734254867E-004   449.832576173531     
   1.32344828378860      -4.991647734254867E-004   471.835980685534     
  -1.92599207963896      -4.991647734254867E-004   434.122058247444     
   1.56785621770257      -4.991647734254867E-004   454.841927418304     
   1.30618772422245      -4.991647734254867E-004   473.107386051212     
   1.56559996649562      -4.991647734254867E-004   454.928829257195     
   1.52027602088958      -4.991647734254867E-004   457.910144455796     
   1.16149711106144      -4.991647734254867E-004   484.932578136974     
   1.16327130908809      -4.991647734254867E-004   484.691485566918     
   1.27378332168396      -4.991647734254867E-004   475.627231305980     
   1.22823116300078      -4.991647734254867E-004   479.259988737729     
   1.17677143607194      -4.991647734254867E-004   483.576149691750     
  -1.94648178824822      -4.991647734254867E-004   433.070547606491     
   1.20903976364430      -4.991647734254867E-004   480.861907902340     
   1.96927108577604      -4.991647734254867E-004   431.939799759527     
  -1.93017947110822      -4.991647734254867E-004   433.895983323322     
   1.07989368101515      -4.991647734254867E-004   492.210105741258     
  -1.15877967527456      -4.991647734254867E-004   485.052866404997     
  -1.94862902846588      -4.991647734254867E-004   432.953500840924     
   1.98539093465235      -4.991647734254867E-004   431.133111530818     
   1.89935148465629      -4.991647734254867E-004   435.572448758330     
   1.97047512783386      -4.991647734254867E-004   431.906199953464     
  -1.89907570176092      -4.991647734254867E-004   435.543675771657     
  -1.90178870287350      -4.991647734254867E-004   435.393118700294     
  -1.97253561117503      -4.991647734254867E-004   431.731178532349     
  -1.97468285139270      -4.991647734254867E-004   431.607950826227     
   1.92737429822073      -4.991647734254867E-004   434.104104802929     
   1.92638523507682      -4.991647734254867E-004   434.174438428866     
   1.94032028113502      -4.991647734254867E-004   433.427664304714     
   1.94125612719181      -4.991647734254867E-004   433.404239002838     
   1.88709667336086      -4.991647734254867E-004   436.243472001851     
   1.90024859481031      -4.991647734254867E-004   435.546220444104     
  -1.88108204717032      -4.991647734254867E-004   436.472602681192     
  -1.98875942622299      -4.991647734254867E-004   430.915603180217     
   1.88862548651532      -4.991647734254867E-004   436.139220650127     
