  0.113343684153623       9.599181898350961E-005   996.026709723925     
  0.601190289999024       9.599181898350961E-005   1005.68910768901     
  0.637809702405959       9.599181898350961E-005   1005.33885279150     
  0.167205195094213       9.599181898350961E-005   999.307997340659     
  0.496923723090653       9.599181898350961E-005   1006.03835772686     
  0.608973471775772       9.599181898350961E-005   1005.60096219158     
  0.267468526419762       9.599181898350961E-005   1003.16532562878     
  0.643511760378022       9.599181898350961E-005   1005.31858660404     
  0.583408277862881       9.599181898350961E-005   1005.80710084494     
  0.240434132842619       9.599181898350961E-005   1002.41300441466     
  0.284330282443250       9.599181898350961E-005   1003.58861600505     
  0.291657655535498       9.599181898350961E-005   1003.75627180424     
  0.566293355756873       9.599181898350961E-005   1005.90089251270     
  0.226321499435514       9.599181898350961E-005   1001.95678127753     
  0.488924995423953       9.599181898350961E-005   1006.02628672923     
  0.220426947030370       9.599181898350961E-005   1001.74918315664     
  0.591525063114496       9.599181898350961E-005   1005.73112324708     
  0.177305572336006       9.599181898350961E-005   999.887577938658     
  0.541476467229259       9.599181898350961E-005   1005.95178239257     
  0.430960134954821       9.599181898350961E-005   1005.77537036640     
  0.137083857758542       9.599181898350961E-005   997.237367032824     
  0.281278743677953       9.599181898350961E-005   1003.63640995520     
  0.486877469744598       9.599181898350961E-005   1006.01717272071     
  0.655697080595628       9.599181898350961E-005   1005.14763234237     
  0.662036802078314       9.599181898350961E-005   1005.11746547419     
  0.113483347839970       9.599181898350961E-005   996.472799491031     
  0.574753552736255       9.599181898350961E-005   1005.83744234473     
  0.438911219270425       9.599181898350961E-005   1005.83016890603     
 -0.953835767835097       9.599181898350961E-005   982.686895285994     
  0.550283750192586       9.599181898350961E-005   1005.90809286685     
  0.143424549084289       9.599181898350961E-005   997.738047558352     
  0.169096823837634       9.599181898350961E-005   999.428169945278     
  0.233527186052546       9.599181898350961E-005   1002.19074787221     
 -0.966607518281018       9.599181898350961E-005   982.510460677422     
  0.171735160222501       9.599181898350961E-005   999.585617651937     
  0.355534390230002       9.599181898350961E-005   1004.91513238528     
 -0.958695079195533       9.599181898350961E-005   982.637318762662     
  0.450943112993982       9.599181898350961E-005   1005.90944790227     
  0.526398086264159       9.599181898350961E-005   1005.99408382924     
  0.323024744415230       9.599181898350961E-005   1004.50969402493     
  0.458814857802708       9.599181898350961E-005   1005.94358267111     
  0.273154056365958       9.599181898350961E-005   1003.42671729453     
  0.818299112850466       9.599181898350961E-005   1001.83973528826     
  0.178275824098137       9.599181898350961E-005   999.982255886749     
  0.197900799861352       9.599181898350961E-005   1000.87667039977     
  8.992411641274106E-002  9.599181898350961E-005   992.876508221506     
  0.446089877967849       9.599181898350961E-005   1005.87944903983     
  0.208454606212935       9.599181898350961E-005   1001.30374650488     
  0.508935534062174       9.599181898350961E-005   1006.02054408941     
  0.673431979226638       9.599181898350961E-005   1004.93896527865     
  0.680382411778948       9.599181898350961E-005   1004.89954808646     
  0.698267024430818       9.599181898350961E-005   1004.67143543617     
  0.444622007854208       9.599181898350961E-005   1005.87504034217     
  0.199979469933454       9.599181898350961E-005   1000.95467419835     
  8.714957315254461E-002  9.599181898350961E-005   993.888106501966     
  0.364316580667481       9.599181898350961E-005   1005.05005607915     
  0.210429307793207       9.599181898350961E-005   1001.39598473612     
  0.507071867198012       9.599181898350961E-005   1006.03657561649     
  0.135059318506511       9.599181898350961E-005   997.810377410936     
 -0.615880890911606       9.599181898350961E-005   983.734852464950     
  0.791029966864103       9.599181898350961E-005   1002.61908554520     
  8.722984689493898E-002  9.599181898350961E-005   994.773961914947     
  0.537767075114568       9.599181898350961E-005   1005.98392205738     
  0.529885922972506       9.599181898350961E-005   1006.04530624421     
  0.691082378095016       9.599181898350961E-005   1004.71578355120     
  0.538055646103892       9.599181898350961E-005   1006.04035151567     
  0.787579086145779       9.599181898350961E-005   1002.84163445011     
  0.805849345568936       9.599181898350961E-005   1002.08337991316     
  6.508849380970229E-002  9.599181898350961E-005   990.090080805204     
  0.153411645081829       9.599181898350961E-005   998.677212392045     
  0.476570729997800       9.599181898350961E-005   1005.99860764652     
  0.109936614965868       9.599181898350961E-005   995.247742431787     
  0.557235579605632       9.599181898350961E-005   1005.92626400640     
  0.241395355658217       9.599181898350961E-005   1002.45992708053     
  0.161943854734321       9.599181898350961E-005   999.111377439152     
  0.213177231775652       9.599181898350961E-005   1001.48402225296     
  0.135958411373307       9.599181898350961E-005   997.558182462710     
  0.246718888565557       9.599181898350961E-005   1002.59514549106     
  0.184286958108689       9.599181898350961E-005   1000.24544223940     
  9.586935354439599E-002  9.599181898350961E-005   993.755693269904     
  0.193370030654616       9.599181898350961E-005   1000.66926728550     
  0.170388661373174       9.599181898350961E-005   999.615411796615     
  0.843703869139416       9.599181898350961E-005   1001.30085921551     
  0.194365276969098       9.599181898350961E-005   1000.73747303029     
  0.186736459737878       9.599181898350961E-005   1000.41638412333     
  0.379393635922714       9.599181898350961E-005   1005.33688710427     
 -0.965757826091137       9.599181898350961E-005   982.497066278309     
  0.280980349811083       9.599181898350961E-005   1003.49016672311     
  0.295550386531282       9.599181898350961E-005   1003.85938327460     
  0.539663211761680       9.599181898350961E-005   1005.99582050676     
  0.269933014317597       9.599181898350961E-005   1003.25003967242     
  0.202949417828208       9.599181898350961E-005   1001.11854192511     
  0.184770961661266       9.599181898350961E-005   1000.26098831562     
  0.153841939206483       9.599181898350961E-005   998.868675215046     
  0.310753368145958       9.599181898350961E-005   1004.14327476223     
  0.729248825852625       9.599181898350961E-005   1004.06320811555     
  0.145560082894778       9.599181898350961E-005   998.102706518064     
  0.255712509972760       9.599181898350961E-005   1002.87603242003     
  0.583166539922663       9.599181898350961E-005   1005.85064965408     
  0.263646974646367       9.599181898350961E-005   1003.10206412409     
  0.462574686331695       9.599181898350961E-005   1005.95875505868     
  0.781699908680754       9.599181898350961E-005   1002.67038775204     
  0.218858656510333       9.599181898350961E-005   1001.72325180480     
  0.486479319515401       9.599181898350961E-005   1006.03463046953     
  0.721115178476783       9.599181898350961E-005   1004.12844272401     
  0.479011163854308       9.599181898350961E-005   1006.01424149004     
  0.938418377565278       9.599181898350961E-005   999.822926542974     
  0.259595670680978       9.599181898350961E-005   1002.95313626056     
  0.226270187045086       9.599181898350961E-005   1001.97020087868     
  0.234437096477715       9.599181898350961E-005   1002.25471056485     
 -0.630607799540112       9.599181898350961E-005   983.846589646121     
  0.991704842446686       9.599181898350961E-005   998.489985653977     
  0.147297361291567       9.599181898350961E-005   998.094440368444     
  0.128901859796351       9.599181898350961E-005   996.916367176584     
  0.469913462971328       9.599181898350961E-005   1005.98703882690     
 -0.587614257637736       9.599181898350961E-005   983.373352318614     
  0.171207681041715       9.599181898350961E-005   999.761910583696     
  0.820953873490364       9.599181898350961E-005   1002.01028177396     
  0.558103446522309       9.599181898350961E-005   1005.89026321528     
  0.249266927448709       9.599181898350961E-005   1002.70659176130     
  0.945588161092132       9.599181898350961E-005   999.418715463444     
  0.809951516873177       9.599181898350961E-005   1002.51803523010     
  0.187922997010564       9.599181898350961E-005   1000.54035326273     
  0.106200703656406       9.599181898350961E-005   995.221468896777     
  0.801542541567017       9.599181898350961E-005   1002.37430590952     
  0.278523000597126       9.599181898350961E-005   1003.47087366270     
  0.204164675712200       9.599181898350961E-005   1001.21701489494     
  0.960901525844275       9.599181898350961E-005   999.626512911852     
  0.484684498336934       9.599181898350961E-005   1006.03532304742     
 -0.575441973754724       9.599181898350961E-005   983.144438915527     
  0.810715121752291       9.599181898350961E-005   1002.32223831509     
  0.220002859926801       9.599181898350961E-005   1001.80619413938     
  0.254125693905206       9.599181898350961E-005   1002.81323368071     
  0.235433376902313       9.599181898350961E-005   1002.32031913583     
  0.991759662419177       9.599181898350961E-005   999.014610415174     
  0.307704663099146       9.599181898350961E-005   1004.21608451911     
  0.250395217990896       9.599181898350961E-005   1002.76899584620     
  0.620425100965314       9.599181898350961E-005   1005.59557412851     
  0.531102075435278       9.599181898350961E-005   1006.02757449426     
  0.464380627107028       9.599181898350961E-005   1005.96554087523     
  0.264901248336870       9.599181898350961E-005   1003.16389022370     
  0.298888534183212       9.599181898350961E-005   1004.04175552596     
  0.573753566081437       9.599181898350961E-005   1005.91784898664     
  0.279843209265461       9.599181898350961E-005   1003.53088355055     
  0.163193168527515       9.599181898350961E-005   999.437927548512     
  0.983729081276673       9.599181898350961E-005   998.922844821603     
  0.547803561054808       9.599181898350961E-005   1006.00455026438     
  0.831051143945605       9.599181898350961E-005   1001.90824307489     
  0.819670018323587       9.599181898350961E-005   1002.44091793784     
  0.601649726085035       9.599181898350961E-005   1005.73691379267     
  0.960140437648427       9.599181898350961E-005   999.130551603902     
  0.556085917696015       9.599181898350961E-005   1005.99005787494     
  0.548194974249825       9.599181898350961E-005   1005.97700856218     
  0.495759967408060       9.599181898350961E-005   1006.04707600133     
  0.459130345581987       9.599181898350961E-005   1005.94081247354     
  0.294544500618367       9.599181898350961E-005   1003.86043509525     
  0.196767072125776       9.599181898350961E-005   1000.95388080012     
  0.180281381039363       9.599181898350961E-005   1000.24616572539     
  0.161622268960912       9.599181898350961E-005   999.016658689436     
  0.212788769093667       9.599181898350961E-005   1001.57262289616     
  0.228410670886151       9.599181898350961E-005   1002.11460210355     
  0.243519926625003       9.599181898350961E-005   1002.58680895890     
  0.258095074205450       9.599181898350961E-005   1002.99999538441     
  0.272507496676434       9.599181898350961E-005   1003.37261448332     
  0.503217622658589       9.599181898350961E-005   1006.05960391287     
  0.515250298792494       9.599181898350961E-005   1006.04172572526     
  0.287617413303142       9.599181898350961E-005   1003.72315404088     
  0.727354808780173       9.599181898350961E-005   1004.21174547642     
  0.424610827673549       9.599181898350961E-005   1005.71990170466     
 -0.605856774440453       9.599181898350961E-005   983.448768665676     
  0.865560931695085       9.599181898350961E-005   1000.91135864600     
  0.475475399564568       9.599181898350961E-005   1006.00883745530     
  0.565535107042273       9.599181898350961E-005   1005.93812211115     
  0.454495983233499       9.599181898350961E-005   1005.92169124618     
 -0.896191812892626       9.599181898350961E-005   983.492324890170     
  0.321179328126026       9.599181898350961E-005   1004.36726318616     
  0.301782326153224       9.599181898350961E-005   1004.02824420588     
  0.397399152837303       9.599181898350961E-005   1005.51103401900     
  0.501443067414770       9.599181898350961E-005   1006.06751187380     
  0.308398199902918       9.599181898350961E-005   1004.14872877492     
  0.512559809935664       9.599181898350961E-005   1006.05745891880     
 -0.932587258618067       9.599181898350961E-005   983.061893552577     
 -0.917097542441915       9.599181898350961E-005   983.278160870597     
 -0.797789801343476       9.599181898350961E-005   984.272597523074     
 -0.803767259713787       9.599181898350961E-005   984.316840999984     
 -0.914166243743933       9.599181898350961E-005   983.299383876798     
 -0.926652309509477       9.599181898350961E-005   983.112233371818     
 -0.785435097556733       9.599181898350961E-005   984.337067140098     
 -0.788422700694180       9.599181898350961E-005   984.364966652444     
 -0.593420762640472       9.599181898350961E-005   983.215783389457     
 -0.560281630766354       9.599181898350961E-005   982.972395106790     
 -0.899124239360730       9.599181898350961E-005   983.483627040624     
 -0.578000388616370       9.599181898350961E-005   983.058589179374     
 -0.889738362018712       9.599181898350961E-005   983.627661738376     
 -0.760707033368086       9.599181898350961E-005   984.433498411270     
 -0.770097424052224       9.599181898350961E-005   984.353800558037     
 -0.669037084670740       9.599181898350961E-005   984.020627912282     
 -0.659112873028226       9.599181898350961E-005   984.075011244467     
 -0.886762953650680       9.599181898350961E-005   983.642371770107     
 -0.757735266384948       9.599181898350961E-005   984.393517814261     
 -0.656633322566197       9.599181898350961E-005   983.977053321439     
 -0.991706824341002       9.599181898350961E-005   982.032008950129     
 -0.868483718499866       9.599181898350961E-005   983.797196545425     
 -0.871432701071997       9.599181898350961E-005   983.795913873495     
  0.468172519860055       9.599181898350961E-005   1005.98123815026     
  0.413085516283884       9.599181898350961E-005   1005.65445030475     
 -0.687028141954627       9.599181898350961E-005   984.233020475369     
 -0.843766833629349       9.599181898350961E-005   984.046688209092     
  0.421215013954188       9.599181898350961E-005   1005.72427017634     
 -0.813117418931847       9.599181898350961E-005   984.219268678789     
 -0.730046553472921       9.599181898350961E-005   984.389412305466     
 -0.696539342953073       9.599181898350961E-005   984.171220985115     
 -0.859089314638445       9.599181898350961E-005   983.927948967160     
  0.422460789701023       9.599181898350961E-005   1005.74238506885     
  0.968053359487549       9.599181898350961E-005   999.237384170672     
 -0.702371597874839       9.599181898350961E-005   984.326274374134     
 -0.825467969261240       9.599181898350961E-005   984.129122618171     
  0.403783064331321       9.599181898350961E-005   1005.55234979493     
  0.697551949357816       9.599181898350961E-005   1004.32421590595     
  0.405617964688842       9.599181898350961E-005   1005.59588724432     
 -0.831435131154202       9.599181898350961E-005   984.152615825306     
  0.679957057016291       9.599181898350961E-005   1004.58848540529     
 -0.684112188963802       9.599181898350961E-005   984.147530916555     
 -0.742414327759978       9.599181898350961E-005   984.373405385458     
 -0.714736596996982       9.599181898350961E-005   984.332609461949     
 -0.674432588123594       9.599181898350961E-005   984.204395277615     
 -0.816107274164710       9.599181898350961E-005   984.236171350924     
 -0.711820295066041       9.599181898350961E-005   984.262503744997     
 -0.853163025406216       9.599181898350961E-005   983.922653561551     
 -0.739460793431732       9.599181898350961E-005   984.317506609517     
  0.644938003912311       9.599181898350961E-005   1005.05778651689     
 -0.840789526969250       9.599181898350961E-005   984.039518799471     
  0.662294169525361       9.599181898350961E-005   1004.83590628632     
  0.830530893657941       9.599181898350961E-005   1002.14417570438     
  0.348779659145762       9.599181898350961E-005   1004.82657350663     
  0.315856074476951       9.599181898350961E-005   1004.30490597149     
  0.411827436419875       9.599181898350961E-005   1005.63213980530     
  0.374085496567463       9.599181898350961E-005   1005.22692824309     
  0.747846442215620       9.599181898350961E-005   1003.76786278571     
  0.715018035179299       9.599181898350961E-005   1004.04860609861     
  9.764478896899094E-002  9.599181898350961E-005   994.459903942835     
  0.329833357673674       9.599181898350961E-005   1004.55605185561     
  0.322366654672585       9.599181898350961E-005   1004.41292918724     
  0.178360532913685       9.599181898350961E-005   999.950218888574     
  0.396822332343791       9.599181898350961E-005   1005.49063713121     
  0.343997616771160       9.599181898350961E-005   1004.78756510818     
  0.358460279160996       9.599181898350961E-005   1005.00066836251     
  0.387819749662747       9.599181898350961E-005   1005.37151031190     
  0.402594542458036       9.599181898350961E-005   1005.52711056454     
  0.528160671661893       9.599181898350961E-005   1006.00664826174     
  0.373148895368720       9.599181898350961E-005   1005.19642034415     
  0.618726821948260       9.599181898350961E-005   1005.37780545509     
  0.428362297317091       9.599181898350961E-005   1005.77154761230     
  0.388797496179228       9.599181898350961E-005   1005.39819688602     
  0.762092431697679       9.599181898350961E-005   1003.01430958855     
  0.520288765811880       9.599181898350961E-005   1006.06274929806     
  0.336355768043279       9.599181898350961E-005   1004.65434942427     
  0.842093249679651       9.599181898350961E-005   1001.58362881554     
  0.708621144242664       9.599181898350961E-005   1004.48007033226     
  0.350688135301712       9.599181898350961E-005   1004.87811187599     
  0.381910463250407       9.599181898350961E-005   1005.32897085234     
  0.635699096287735       9.599181898350961E-005   1005.19832667227     
  0.393504083858934       9.599181898350961E-005   1005.41039276912     
  0.877047671490268       9.599181898350961E-005   1000.56808828715     
  0.365333993442524       9.599181898350961E-005   1005.08472651967     
  0.394656063954025       9.599181898350961E-005   1005.43833729053     
  0.584081624606715       9.599181898350961E-005   1005.71750379200     
  0.443713424231888       9.599181898350961E-005   1005.85616055759     
  0.687910263666592       9.599181898350961E-005   1004.51900056299     
  0.379996115535183       9.599181898350961E-005   1005.27172227882     
  0.705345176410531       9.599181898350961E-005   1004.25727451095     
  0.734371485124996       9.599181898350961E-005   1003.59415596751     
  0.670302165161986       9.599181898350961E-005   1004.76815224906     
  0.652834991952782       9.599181898350961E-005   1004.99596761084     
  6.678197132881178E-002  9.599181898350961E-005   991.040242695005     
  0.617326862638964       9.599181898350961E-005   1005.44589562679     
  0.945818820478299       9.599181898350961E-005   999.924426769933     
  0.651389707288030       9.599181898350961E-005   1005.08495067645     
  0.130378879749064       9.599181898350961E-005   996.523074669081     
  0.686060824151794       9.599181898350961E-005   1004.64001011819     
  0.739357952999271       9.599181898350961E-005   1003.84139719260     
  0.800345783568875       9.599181898350961E-005   1002.79998996602     
  0.359475443418211       9.599181898350961E-005   1005.03554405357     
  0.388313338215242       9.599181898350961E-005   1005.43642576251     
  0.752316064227333       9.599181898350961E-005   1003.26866301750     
  0.925662366210016       9.599181898350961E-005   1000.04597291678     
  0.345252215501969       9.599181898350961E-005   1004.82824518003     
  0.873083398682335       9.599181898350961E-005   1001.39213075702     
  0.367285758898482       9.599181898350961E-005   1005.15009743340     
 -0.983719899334326       9.599181898350961E-005   982.196782367546     
 -0.981657190183298       9.599181898350961E-005   982.207434315986     
  0.409576445508142       9.599181898350961E-005   1005.58786031522     
  7.786532566497470E-002  9.599181898350961E-005   992.360304052480     
  0.758051789830691       9.599181898350961E-005   1003.53086204841     
  0.750937613478329       9.599181898350961E-005   1003.44037239165     
  0.759430964357114       9.599181898350961E-005   1003.36444826495     
  0.895245529735284       9.599181898350961E-005   1001.00408422823     
  0.722998770987860       9.599181898350961E-005   1003.97933652156     
  0.600505046908633       9.599181898350961E-005   1005.59315800576     
  0.766337268251969       9.599181898350961E-005   1003.45839208295     
  0.591627437567283       9.599181898350961E-005   1005.68442665713     
  0.732844415099988       9.599181898350961E-005   1003.75353878149     
  0.608185854232594       9.599181898350961E-005   1005.55309046700     
  0.864202796806285       9.599181898350961E-005   1001.19186822078     
  0.473001323972619       9.599181898350961E-005   1005.99244680099     
  0.852837710967501       9.599181898350961E-005   1001.51880189770     
  0.625088303926756       9.599181898350961E-005   1005.39873291593     
  0.634304301547326       9.599181898350961E-005   1005.27538660648     
  0.524195407131483       9.599181898350961E-005   1006.02724675595     
  0.244974313603272       9.599181898350961E-005   1002.67226248786     
  0.874490207576156       9.599181898350961E-005   1001.13182010127     
  0.676545538045329       9.599181898350961E-005   1004.81086687054     
  0.642097924507150       9.599181898350961E-005   1005.22329828749     
  0.659286805404445       9.599181898350961E-005   1005.02650073383     
  0.330962606506119       9.599181898350961E-005   1004.60199050374     
  8.241530434976607E-002  9.599181898350961E-005   992.185148777328     
  0.741069949735557       9.599181898350961E-005   1003.68066259601     
  0.668740085705821       9.599181898350961E-005   1004.87021814578     
  0.316295790671852       9.599181898350961E-005   1004.33927838218     
  0.288406388026109       9.599181898350961E-005   1003.77489818952     
  0.352957898289737       9.599181898350961E-005   1004.95350778925     
 -0.602608684299363       9.599181898350961E-005   983.521661801974     
  0.266215429128716       9.599181898350961E-005   1003.27099440871     
  0.861450993589533       9.599181898350961E-005   1001.70097936045     
  0.896122007249500       9.599181898350961E-005   1000.75258877283     
  0.435989436792171       9.599181898350961E-005   1005.82522807827     
  0.229794615516002       9.599181898350961E-005   1002.21120723070     
  0.840228005069056       9.599181898350961E-005   1002.06984360337     
  0.886983183025295       9.599181898350961E-005   1000.52831985259     
  0.567732194964597       9.599181898350961E-005   1005.82168815889     
  0.378867695249755       9.599181898350961E-005   1005.23975449007     
  0.791649390162505       9.599181898350961E-005   1002.90772212116     
  0.885783853999984       9.599181898350961E-005   1000.80998197033     
  0.338739615606534       9.599181898350961E-005   1004.74091000288     
  0.917863329037449       9.599181898350961E-005   1000.59460767042     
  0.711079164474374       9.599181898350961E-005   1004.33619344019     
  0.851492716644570       9.599181898350961E-005   1001.76599673861     
  0.426346352809523       9.599181898350961E-005   1005.74923252794     
 -0.943228465237409       9.599181898350961E-005   982.888806464147     
  0.703289898216683       9.599181898350961E-005   1004.39607125806     
  0.130845291680104       9.599181898350961E-005   996.837233704962     
  0.770828719224286       9.599181898350961E-005   1002.94259354459     
  0.416878520544162       9.599181898350961E-005   1005.65911914592     
  0.327812772865435       9.599181898350961E-005   1004.45902429599     
  0.340977052345296       9.599181898350961E-005   1004.69705457311     
  0.323935619699931       9.599181898350961E-005   1004.49452531044     
  0.327533942857202       9.599181898350961E-005   1004.47276320367     
  0.390096907048621       9.599181898350961E-005   1005.44169175105     
  0.436991203675918       9.599181898350961E-005   1005.83725995683     
  0.258762695307772       9.599181898350961E-005   1003.05299303923     
  0.898426756149526       9.599181898350961E-005   1000.20580059539     
  0.120495727505838       9.599181898350961E-005   996.357846300976     
  0.452792585595063       9.599181898350961E-005   1005.91000633467     
  0.141094697079970       9.599181898350961E-005   997.441375745139     
  0.693647231649171       9.599181898350961E-005   1004.58344243942     
 -0.619638143324746       9.599181898350961E-005   983.575841024781     
  0.136058900990515       9.599181898350961E-005   997.052001744965     
  0.575324525027302       9.599181898350961E-005   1005.79522841903     
  0.917294613677441       9.599181898350961E-005   1000.37679692543     
  0.628863291567557       9.599181898350961E-005   1005.44213259459     
  0.295985038280426       9.599181898350961E-005   1003.94926325388     
  0.309489479036911       9.599181898350961E-005   1004.22151148380     
  0.417940989582610       9.599181898350961E-005   1005.67864531591     
  0.159572923387161       9.599181898350961E-005   998.825294366356     
  0.147005531485609       9.599181898350961E-005   997.922608894444     
  0.769545702632724       9.599181898350961E-005   1003.11985272795     
  0.119588253614384       9.599181898350961E-005   995.505795717987     
  0.616961692303565       9.599181898350961E-005   1005.55082158411     
  0.297407186518224       9.599181898350961E-005   1003.86516390905     
  0.302433889092316       9.599181898350961E-005   1004.06670913250     
  0.154827337705209       9.599181898350961E-005   998.561216636412     
  0.124967129638158       9.599181898350961E-005   996.091526035339     
  0.776966011370868       9.599181898350961E-005   1003.07309021537     
 -0.643378641186527       9.599181898350961E-005   983.831423739555     
  0.307898676579759       9.599181898350961E-005   1004.11812445281     
  0.108862635835276       9.599181898350961E-005   994.394924016266     
  0.775136751516536       9.599181898350961E-005   1003.24277129039     
  0.341115440769574       9.599181898350961E-005   1004.80135306433     
  0.918875642389346       9.599181898350961E-005   999.930117560371     
 -0.940224814826802       9.599181898350961E-005   982.916461324779     
  0.314169224607232       9.599181898350961E-005   1004.22756493458     
  0.124408584801172       9.599181898350961E-005   996.206699629251     
  0.621889467822943       9.599181898350961E-005   1005.53996934112     
  0.252517226071488       9.599181898350961E-005   1002.90400835447     
  0.480293084080266       9.599181898350961E-005   1006.01351754198     
 -0.631116961812162       9.599181898350961E-005   983.762424700193     
  0.907186137739279       9.599181898350961E-005   1000.20117097748     
  0.154669620874879       9.599181898350961E-005   998.508485581046     
  0.113375163170621       9.599181898350961E-005   995.176005355702     
  0.113865557837599       9.599181898350961E-005   995.025772326344     
  0.116569888698841       9.599181898350961E-005   995.807414745283     
  0.382633053626288       9.599181898350961E-005   1005.35159731530     
  0.118539314110421       9.599181898350961E-005   995.778161367786     
  0.335243679773366       9.599181898350961E-005   1004.61675645461     
  0.376325056710336       9.599181898350961E-005   1005.28575940251     
  0.368802728665475       9.599181898350961E-005   1005.18717890721     
  0.102860894434242       9.599181898350961E-005   993.877651245805     
  9.207635762373576E-002  9.599181898350961E-005   992.639785380783     
  0.354637930400887       9.599181898350961E-005   1004.99764448914     
  0.623935516048179       9.599181898350961E-005   1005.45484581215     
  0.302288688742980       9.599181898350961E-005   1003.99411362002     
  0.362672445296354       9.599181898350961E-005   1005.11640165965     
  0.906080717864563       9.599181898350961E-005   1000.46511013494     
  0.148310426721901       9.599181898350961E-005   998.048970893904     
  0.102599465764751       9.599181898350961E-005   994.181804607530     
  0.783105657628962       9.599181898350961E-005   1003.16770886102     
  0.108110812498808       9.599181898350961E-005   994.831135352308     
  7.883790071766242E-002  9.599181898350961E-005   991.334669651287     
  0.303562897227172       9.599181898350961E-005   1004.00138648305     
  0.349308072776160       9.599181898350961E-005   1004.93136528422     
