  0.967200429929141       4.260601940098141E-005   988.436101930760     
 -0.981511109529166       4.260601940098141E-005   987.482593245267     
 -0.982214461976403       4.260601940098141E-005   987.461478710350     
  0.960388026938768       4.260601940098141E-005   988.781209213857     
 -0.965006112190211       4.260601940098141E-005   988.282561994712     
 -0.564782210083283       4.260601940098141E-005   1003.69523816825     
  0.560907556085020       4.260601940098141E-005   1004.01691416184     
 -0.936386381685668       4.260601940098141E-005   989.658370786768     
 -0.952126148379560       4.260601940098141E-005   988.916163929345     
 -0.822256044052199       4.260601940098141E-005   994.712758505387     
  0.842680635823321       4.260601940098141E-005   994.105360395593     
 -0.576230556575525       4.260601940098141E-005   1003.36977656892     
  0.804051963254215       4.260601940098141E-005   995.680179011672     
  0.572355902577262       4.260601940098141E-005   1003.68775683040     
  0.858412615407944       4.260601940098141E-005   993.431537836691     
  0.134665579777637       4.260601940098141E-005   1011.37115293342     
  0.838397002730941       4.260601940098141E-005   994.288816108843     
  0.138949212870018       4.260601940098141E-005   1011.34831762928     
 -0.677787147483120       4.260601940098141E-005   1000.16339671328     
 -0.556214943898522       4.260601940098141E-005   1003.93158352477     
 -0.876616479897337       4.260601940098141E-005   992.380207462245     
  0.865576465651036       4.260601940098141E-005   993.124377369009     
  0.127500866377776       4.260601940098141E-005   1011.41849120046     
  0.905567231763622       4.260601940098141E-005   991.332455427497     
  0.545175576500397       4.260601940098141E-005   1004.45096065647     
  0.815500309746457       4.260601940098141E-005   995.229716336940     
 -6.844760203755199E-002  4.260601940098141E-005   1011.66487158772     
 -4.414835626816931E-002  4.260601940098141E-005   1011.72760209455     
 -0.923665820008562       4.260601940098141E-005   990.263976588063     
  0.131784499470156       4.260601940098141E-005   1011.37589602775     
  0.822665023146318       4.260601940098141E-005   994.942864876485     
  0.869860098743417       4.260601940098141E-005   992.940990922977     
 -0.806524064467577       4.260601940098141E-005   995.354480030803     
 -0.916320862970605       4.260601940098141E-005   990.601788409791     
 -0.571946923483144       4.260601940098141E-005   1003.48793315497     
 -6.416396894517187E-002  4.260601940098141E-005   1011.68294946525     
  0.831232289331080       4.260601940098141E-005   994.575881781661     
  0.889859752386137       4.260601940098141E-005   992.044887336941     
 -0.927676904276503       4.260601940098141E-005   990.081446182433     
 -0.470390332575549       4.260601940098141E-005   1006.15867118633     
 -0.900869219319692       4.260601940098141E-005   991.309321692689     
 -0.724983086236986       4.260601940098141E-005   998.495564265486     
  0.580923168762023       4.260601940098141E-005   1003.43818881783     
  0.161845905854502       4.260601940098141E-005   1011.16861906831     
  0.992002838406225       4.260601940098141E-005   987.226879246300     
 -0.368833741667954       4.260601940098141E-005   1008.31349128170     
 -0.860884500312715       4.260601940098141E-005   993.061509874865     
 -0.693519127067741       4.260601940098141E-005   999.620642652734     
 -0.380282088160196       4.260601940098141E-005   1008.08721460155     
 -0.713534739744744       4.260601940098141E-005   998.900578680078     
 -0.673503514390740       4.260601940098141E-005   1000.30118548780     
 -0.481838679067791       4.260601940098141E-005   1005.87291383363     
  0.565191189177400       4.260601940098141E-005   1003.89217953865     
  0.412155026423558       4.260601940098141E-005   1007.62463332644     
 -0.826539677144579       4.260601940098141E-005   994.536057369771     
  0.362078007362209       4.260601940098141E-005   1008.58465481260     
  0.916945187414075       4.260601940098141E-005   990.824861668484     
 -0.603410882652389       4.260601940098141E-005   1002.56097538902     
  0.615268208238749       4.260601940098141E-005   1002.41000032418     
 -0.185736172529769       4.260601940098141E-005   1010.89138376226     
 -0.619142862237011       4.260601940098141E-005   1002.07767259151     
 -0.697802760160122       4.260601940098141E-005   999.463081822494     
  0.377809986946831       4.260601940098141E-005   1008.29145347251     
  0.303433722116101       4.260601940098141E-005   1009.55313291354     
 -0.626307575636873       4.260601940098141E-005   1001.83051994511     
  0.337778761592827       4.260601940098141E-005   1009.00607849988     
  0.439335352500422       4.260601940098141E-005   1007.04255211963     
  0.436454272192940       4.260601940098141E-005   1007.10224470959     
 -0.630591208729253       4.260601940098141E-005   1001.71244674628     
 -0.436045293098823       4.260601940098141E-005   1006.93658589503     
  0.310598435515963       4.260601940098141E-005   1009.44786536289     
 -0.388849354344956       4.260601940098141E-005   1007.93026784779     
 -0.657771534806117       4.260601940098141E-005   1000.82417430694     
  0.425005925700698       4.260601940098141E-005   1007.33150716279     
  0.655299433592754       4.260601940098141E-005   1001.13233470417     
  0.811216676654076       4.260601940098141E-005   995.413242757929     
 -0.802240431375197       4.260601940098141E-005   995.511483738332     
 -0.348818128990951       4.260601940098141E-005   1008.65696009406     
 -0.517586271329415       4.260601940098141E-005   1004.98646015476     
  0.314882068608343       4.260601940098141E-005   1009.38390852146     
 -0.373117374760334       4.260601940098141E-005   1008.23503151768     
 -0.869451982806066       4.260601940098141E-005   992.708783004091     
  0.342062394685207       4.260601940098141E-005   1008.94185064021     
  0.404990313023695       4.260601940098141E-005   1007.76903565278     
  0.775469084392452       4.260601940098141E-005   996.825491420562     
 -0.287292763437362       4.260601940098141E-005   1009.66865795495     
 -0.747879779221470       4.260601940098141E-005   997.645630267303     
 -0.903787937321977       4.260601940098141E-005   991.154577510363     
 -0.623426495329391       4.260601940098141E-005   1001.93975015966     
  0.459350965177424       4.260601940098141E-005   1006.60416036990     
  0.736840411823346       4.260601940098141E-005   998.299998645119     
  0.729675698423485       4.260601940098141E-005   998.546135146256     
  0.686763392761999       4.260601940098141E-005   1000.06424826965     
  0.892751612787287       4.260601940098141E-005   991.920073538601     
 -0.752163412313850       4.260601940098141E-005   997.488301002217     
  0.236222170685233       4.260601940098141E-005   1010.44827550429     
 -0.145704947175765       4.260601940098141E-005   1011.22009285169     
 -0.889467595483067       4.260601940098141E-005   991.811954392039     
 -0.361669028268092       4.260601940098141E-005   1008.44148996173     
  0.357794374269829       4.260601940098141E-005   1008.66874613836     
 -0.353101762083331       4.260601940098141E-005   1008.59838227113     
  0.533727230008154       4.260601940098141E-005   1004.76007993366     
  0.154681192454640       4.260601940098141E-005   1011.23546330444     
 -0.639158474914013       4.260601940098141E-005   1001.43665627354     
 -0.341653415591089       4.260601940098141E-005   1008.80484997624     
  0.249073069962373       4.260601940098141E-005   1010.27813948738     
  0.229057457285371       4.260601940098141E-005   1010.53426959431     
  0.206160764300887       4.260601940098141E-005   1010.75390327228     
 -0.842271656729201       4.260601940098141E-005   993.874702190202     
 -1.696803019130503E-002  4.260601940098141E-005   1011.78268940205     
  0.470799311669666       4.260601940098141E-005   1006.33533135723     
  0.483650210946806       4.260601940098141E-005   1006.00164339865     
  0.174696805131643       4.260601940098141E-005   1011.05975085411     
 -0.775060105298333       4.260601940098141E-005   996.598457629178     
  0.741124044915727       4.260601940098141E-005   998.135965062823     
  0.709660085746482       4.260601940098141E-005   999.284239557641     
 -0.646323188313875       4.260601940098141E-005   1001.20930222827     
  0.608103494838888       4.260601940098141E-005   1002.63463263368     
 -0.396014067744818       4.260601940098141E-005   1007.78248195479     
  5.928662793178589E-003  4.260601940098141E-005   1011.80031359372     
  1.737700928542051E-002  4.260601940098141E-005   1011.78941194522     
  0.209041844608369       4.260601940098141E-005   1010.75037517627     
  9.175327411615077E-002  4.260601940098141E-005   1011.60692807551     
 -0.416029680421820       4.260601940098141E-005   1007.37939837891     
 -0.400297700837198       4.260601940098141E-005   1007.70399788249     
 -1.236050606683096E-003  4.260601940098141E-005   1011.78937073017     
  1.021229588555874E-002  4.260601940098141E-005   1011.79816581433     
  0.213325477700749       4.260601940098141E-005   1010.70712038498     
 -0.443210006498684       4.260601940098141E-005   1006.78887012210     
 -0.454658352990926       4.260601940098141E-005   1006.52295098887     
 -0.220081212006495       4.260601940098141E-005   1010.52917484524     
  0.409273946116076       4.260601940098141E-005   1007.66487833601     
 -2.125166328368519E-002  4.260601940098141E-005   1011.78469448730     
  3.310898887004257E-002  4.260601940098141E-005   1011.77633502136     
 -0.318756722606606       4.260601940098141E-005   1009.17817533507     
  0.716824799146344       4.260601940098141E-005   999.018686698202     
  0.702495372346621       4.260601940098141E-005   999.510260325610     
  0.201877131208507       4.260601940098141E-005   1010.81687092612     
  6.457294803928675E-002  4.260601940098141E-005   1011.71028696124     
  0.147516479054779       4.260601940098141E-005   1011.26292929641     
 -0.873735615898445       4.260601940098141E-005   992.512640712870     
  0.118933600193015       4.260601940098141E-005   1011.46395023280     
  0.369242720762071       4.260601940098141E-005   1008.45988750154     
 -0.666338800990877       4.260601940098141E-005   1000.54851650602     
 -0.192900885929631       4.260601940098141E-005   1010.82222821583     
 -9.803316791443415E-003  4.260601940098141E-005   1011.79351758190     
 -0.334488702191228       4.260601940098141E-005   1008.91307577192     
 -0.732147799636848       4.260601940098141E-005   998.228044552077     
  0.240505803777613       4.260601940098141E-005   1010.40477096799     
  0.287701742531479       4.260601940098141E-005   1009.78610601029     
  0.186145151623885       4.260601940098141E-005   1010.96974366299     
  8.458856071628901E-002  4.260601940098141E-005   1011.63486557033     
  0.111768886793153       4.260601940098141E-005   1011.51141449523     
 -0.407462414237060       4.260601940098141E-005   1007.53638791941     
  0.452186251777562       4.260601940098141E-005   1006.74876109654     
 -7.132868234503414E-002  4.260601940098141E-005   1011.63290199987     
  5.740823463942501E-002  4.260601940098141E-005   1011.71867885358     
 -0.325921436006467       4.260601940098141E-005   1009.06990180924     
  0.490814924346668       4.260601940098141E-005   1005.85683575121     
  8.030492762390883E-002  4.260601940098141E-005   1011.65730869102     
  0.100320540300911       4.260601940098141E-005   1011.56186074634     
 -0.177168906345009       4.260601940098141E-005   1010.96810923698     
  3.022790856256100E-002  4.260601940098141E-005   1011.76285974928     
  0.713943718838863       4.260601940098141E-005   999.120160165164     
  0.307717355208481       4.260601940098141E-005   1009.46953876238     
  6.028931494690658E-002  4.260601940098141E-005   1011.71275900685     
  5.312460154704481E-002  4.260601940098141E-005   1011.74094774569     
 -0.447493639591065       4.260601940098141E-005   1006.69050565204     
  0.619551841331130       4.260601940098141E-005   1002.28512856856     
  0.862696248500324       4.260601940098141E-005   993.228453711623     
 -0.599127249560009       4.260601940098141E-005   1002.67909518404     
 -0.149988580268145       4.260601940098141E-005   1011.20170295431     
 -0.267277150760360       4.260601940098141E-005   1009.95248253630     
 -0.298741109929604       4.260601940098141E-005   1009.50178364939     
 -0.305905823329465       4.260601940098141E-005   1009.37360632435     
 -0.294457476837223       4.260601940098141E-005   1009.56027878513     
 -0.720699453144606       4.260601940098141E-005   998.653019410262     
  0.220490191100611       4.260601940098141E-005   1010.62102143811     
 -0.853720003221443       4.260601940098141E-005   993.389903842338     
 -0.896585586227312       4.260601940098141E-005   991.505132240663     
 -0.204349232421873       4.260601940098141E-005   1010.69490212833     
 -0.393132987437336       4.260601940098141E-005   1007.83192868706     
 -0.165720559852767       4.260601940098141E-005   1011.07566821359     
 -0.138540233775903       4.260601940098141E-005   1011.28950234793     
  7.314021422404711E-002  4.260601940098141E-005   1011.66558183352     
  0.486531291254288       4.260601940098141E-005   1005.96160771450     
 -0.544766597406279       4.260601940098141E-005   1004.25704989636     
  0.693928106161860       4.260601940098141E-005   999.838456255769     
  0.107485253700773       4.260601940098141E-005   1011.53404608984     
  2.594427547018082E-002  4.260601940098141E-005   1011.78496766195     
  3.739262196242274E-002  4.260601940098141E-005   1011.77403196500     
  0.506546903931290       4.260601940098141E-005   1005.46308648625     
 -0.759328125713711       4.260601940098141E-005   997.200699745605     
  0.764020737900210       4.260601940098141E-005   997.275646466837     
  0.158964825547021       4.260601940098141E-005   1011.19266297365     
  0.639567454008132       4.260601940098141E-005   1001.64642174194     
  0.396423046838935       4.260601940098141E-005   1007.93796901184     
  0.416438659515937       4.260601940098141E-005   1007.54004495259     
  0.538010863100534       4.260601940098141E-005   1004.63545771164     
  0.233341090377751       4.260601940098141E-005   1010.47107198616     
 -0.427478026914062       4.260601940098141E-005   1007.13330826302     
 -0.314473089514226       4.260601940098141E-005   1009.25656875323     
  0.463634598269804       4.260601940098141E-005   1006.49957817524     
 -0.650606821406255       4.260601940098141E-005   1001.07144015794     
  0.384974700346693       4.260601940098141E-005   1008.16668006425     
 -0.111359907699039       4.260601940098141E-005   1011.46373775292     
  0.526562516608292       4.260601940098141E-005   1004.92485756810     
 -0.474673965667929       4.260601940098141E-005   1006.06030327056     
 -0.129972967591143       4.260601940098141E-005   1011.32619153214     
 -0.423194393821682       4.260601940098141E-005   1007.21181082380     
 -0.583395269975387       4.260601940098141E-005   1003.14259389980     
  0.330614048192965       4.260601940098141E-005   1009.13088182800     
 -0.122808254191281       4.260601940098141E-005   1011.39569029675     
  0.193309865023747       4.260601940098141E-005   1010.90313826215     
  0.443618985592802       4.260601940098141E-005   1006.95772612270     
 -0.833704390544441       4.260601940098141E-005   994.227892609150     
  0.592371515254266       4.260601940098141E-005   1003.10874269664     
  0.950705591691806       4.260601940098141E-005   989.240189408406     
  0.283418109439099       4.260601940098141E-005   1009.84979943019     
 -0.321637802914087       4.260601940098141E-005   1009.12844124268     
  0.795484697069454       4.260601940098141E-005   996.047301596855     
  0.166129538946882       4.260601940098141E-005   1011.14556386049     
  0.479366577854426       4.260601940098141E-005   1006.12596759703     
 -0.102792641514279       4.260601940098141E-005   1011.50022870076     
  0.689644473069480       4.260601940098141E-005   999.982929249378     
 -0.521869904421795       4.260601940098141E-005   1004.86825543335     
 -0.529034617821657       4.260601940098141E-005   1004.68085542027     
 -0.524750984729277       4.260601940098141E-005   1004.77921074107     
  0.635283820915752       4.260601940098141E-005   1001.79090728285     
 -0.118524621098901       4.260601940098141E-005   1011.41398533188     
  0.510830537023670       4.260601940098141E-005   1005.33860227524     
 -0.463225619175687       4.260601940098141E-005   1006.32621547374     
  0.276253396039237       4.260601940098141E-005   1009.93554023465     
  0.497979637746530       4.260601940098141E-005   1005.67281057191     
 -0.880900329298308       4.260601940098141E-005   992.203958947465     
  0.432170639100560       4.260601940098141E-005   1007.20662041696     
 -0.849436370129064       4.260601940098141E-005   993.566380852608     
 -0.740715065821608       4.260601940098141E-005   997.913249208703     
 -0.494689578344931       4.260601940098141E-005   1005.55796018059     
  0.389258333439073       4.260601940098141E-005   1008.08233821851     
 -0.345937048683470       4.260601940098141E-005   1008.72642039196     
  0.849845349223183       4.260601940098141E-005   993.798377591106     
  0.256237783362235       4.260601940098141E-005   1010.21192234641     
  0.181861518531505       4.260601940098141E-005   1011.01276375054     
  0.350629660869967       4.260601940098141E-005   1008.77391937786     
 -0.420313313514200       4.260601940098141E-005   1007.28104353211     
  0.260521416454615       4.260601940098141E-005   1010.14848251148     
  0.267686129854477       4.260601940098141E-005   1010.06266810764     
  0.721108432238724       4.260601940098141E-005   998.874256788983     
 -0.908026145610284       4.260601940098141E-005   990.980598932704     
  0.768304370992591       4.260601940098141E-005   997.111673896074     
  0.748288758315588       4.260601940098141E-005   997.869928621059     
  0.761139657592729       4.260601940098141E-005   997.358263375334     
  0.334897681285345       4.260601940098141E-005   1009.04704086246     
  0.553742842685157       4.260601940098141E-005   1004.20159017288     
  0.628119107515890       4.260601940098141E-005   1001.99617777544     
  0.294866455931341       4.260601940098141E-005   1009.68077871978     
  0.673912493484858       4.260601940098141E-005   1000.51733243328     
  0.791201063977074       4.260601940098141E-005   996.211202743999     
  0.666747780084996       4.260601940098141E-005   1000.76251349556     
  0.784036350577213       4.260601940098141E-005   996.497613827061     
 -8.417958162217451E-002  4.260601940098141E-005   1011.59838113491     
  0.682479759669618       4.260601940098141E-005   1000.22835449566     
 -0.549050230498660       4.260601940098141E-005   1004.13886527259     
  0.646732167407994       4.260601940098141E-005   1001.42132607271     
 -0.170004192945147       4.260601940098141E-005   1011.03734699140     
 -0.251545171175738       4.260601940098141E-005   1010.15796337588     
 -0.497570658652413       4.260601940098141E-005   1005.48878911149     
  0.756856024500349       4.260601940098141E-005   997.541915933406     
 -0.158555846452905       4.260601940098141E-005   1011.12514354038     
 -0.271560783852740       4.260601940098141E-005   1009.89403786441     
  0.588087882161885       4.260601940098141E-005   1003.23356117384     
 -4.843198936054943E-002  4.260601940098141E-005   1011.72947601550     
 -0.224364845098875       4.260601940098141E-005   1010.49070277231     
  0.885575256136987       4.260601940098141E-005   992.247916774181     
 -0.142823866868283       4.260601940098141E-005   1011.25126834331     
  0.513711617331152       4.260601940098141E-005   1005.27891603141     
  0.612387127931268       4.260601940098141E-005   1002.49018117433     
 -0.490405945252551       4.260601940098141E-005   1005.67617768589     
  0.939637538136586       4.260601940098141E-005   989.772808255513     
  0.912680875588218       4.260601940098141E-005   991.026845763030     
 -7.561231543741427E-002  4.260601940098141E-005   1011.63465534406     
 -0.772179024990851       4.260601940098141E-005   996.709109818066     
 -0.779343738390713       4.260601940098141E-005   996.441277839378     
 -5.699925554530973E-002  4.260601940098141E-005   1011.69343872293     
  0.662464146992616       4.260601940098141E-005   1000.90700582252     
 -3.698364286830729E-002  4.260601940098141E-005   1011.75803102947     
 -0.501854291744793       4.260601940098141E-005   1005.39042413937     
 -0.537601884006417       4.260601940098141E-005   1004.44446228495     
 -0.260112437360498       4.260601940098141E-005   1010.04112764258     
 -9.562792811441687E-002  4.260601940098141E-005   1011.55007781830     
 -0.795075717975335       4.260601940098141E-005   995.819352356386     
 -0.684951860882981       4.260601940098141E-005   999.896139958003     
 -0.115643540791419       4.260601940098141E-005   1011.42559970303     
  0.924140002174129       4.260601940098141E-005   990.495638794513     
 -0.240096824683496       4.260601940098141E-005   1010.30506193914     
  0.517995250423532       4.260601940098141E-005   1005.17397597244     
 -0.217200131699013       4.260601940098141E-005   1010.55970216502     
 -0.278725497252601       4.260601940098141E-005   1009.78560092178     
 -0.247261538083358       4.260601940098141E-005   1010.19650019989     
  0.585206801854401       4.260601940098141E-005   1003.29379875828     
 -0.815091330652337       4.260601940098141E-005   995.000865921472     
 -0.197184519022011       4.260601940098141E-005   1010.78382783918     
 -0.704967473559984       4.260601940098141E-005   999.215603936787     
 -0.700683840467603       4.260601940098141E-005   999.353304270574     
 -0.767895391898471       4.260601940098141E-005   996.886178041882     
 -0.591962536160147       4.260601940098141E-005   1002.90631290796     
 -0.244380457775876       4.260601940098141E-005   1010.24667421009     
 -0.799359351067715       4.260601940098141E-005   995.642453720568     
 -9.134429502203675E-002  4.260601940098141E-005   1011.56826910970     
 -0.596246169252527       4.260601940098141E-005   1002.76834129519     
 -0.212916498606633       4.260601940098141E-005   1010.61802608083     
 -0.611978148837149       4.260601940098141E-005   1002.28507613585     
  0.788319983669593       4.260601940098141E-005   996.314020525790     
  0.897018423688616       4.260601940098141E-005   991.737499934720     
 -4.126727596068749E-002  4.260601940098141E-005   1011.74007712831     
 -2.841637668354703E-002  4.260601940098141E-005   1011.75415754932     
  0.944350930167834       4.260601940098141E-005   989.549679571794     
  0.933117706031233       4.260601940098141E-005   990.070832746190     
  0.983804133307432       4.260601940098141E-005   987.619235869744     
  0.970252824765524       4.260601940098141E-005   988.306417800626     
 -0.946867901096300       4.260601940098141E-005   989.167919522777     
 -0.954495638612997       4.260601940098141E-005   988.813144202654     
 -0.961710745596456       4.260601940098141E-005   988.455605425701     
  0.985263932854690       4.260601940098141E-005   987.568807629204     
  0.965283781549810       4.260601940098141E-005   988.542280665879     
 -0.993273080952269       4.260601940098141E-005   986.918079433782     
 -0.968078954870885       4.260601940098141E-005   988.157500773384     
  0.992996518037655       4.260601940098141E-005   987.181791693384     
 -0.942766956187046       4.260601940098141E-005   989.372041448055     
 -0.985328624050608       4.260601940098141E-005   987.310970258144     
 -0.971193116945090       4.260601940098141E-005   988.004306090070     
