  -1.11011129053186      -4.991647734254867E-004   529.424499723553     
   1.11174975133386      -4.991647734254867E-004   529.348742216909     
  -1.10953470120959      -4.991647734254867E-004   529.448493028573     
   1.13009091742864      -4.991647734254867E-004   528.500038993211     
  -1.03205727867641      -4.991647734254867E-004   533.088205933382     
  -1.07886430262895      -4.991647734254867E-004   530.850273764558     
   1.07913546415324      -4.991647734254867E-004   530.838653405486     
   1.11282791307278      -4.991647734254867E-004   529.310586966284     
  -1.07770040489409      -4.991647734254867E-004   530.904909364638     
   1.12894953503176      -4.991647734254867E-004   528.601721091709     
   1.06340101579350      -4.991647734254867E-004   531.594526995100     
   1.21101658716213      -4.991647734254867E-004   525.086494868485     
  -1.17572028130061      -4.991647734254867E-004   526.551098801030     
  -1.06313579403385      -4.991647734254867E-004   531.605384168330     
  -1.01587339175771      -4.991647734254867E-004   533.857552557238     
   1.03130727776422      -4.991647734254867E-004   533.127213400781     
   1.27576949394106      -4.991647734254867E-004   522.482565698193     
  -1.15897986738049      -4.991647734254867E-004   527.286712285699     
   1.37311892286550      -4.991647734254867E-004   518.805875774481     
  -1.12621707825226      -4.991647734254867E-004   528.720458501424     
   1.25858494319800      -4.991647734254867E-004   523.163049816800     
   1.17855588076192      -4.991647734254867E-004   526.443839052464     
  -1.32160010174455      -4.991647734254867E-004   520.718146387895     
   1.35585698363650      -4.991647734254867E-004   519.437417459108     
   1.30822843199317      -4.991647734254867E-004   521.226783720053     
   1.35804402729745      -4.991647734254867E-004   519.338086519618     
  -1.30634434099853      -4.991647734254867E-004   521.289783429177     
  -1.30420642339543      -4.991647734254867E-004   521.367416750195     
  -1.32371772073548      -4.991647734254867E-004   520.598605044676     
  -1.56597249646204      -4.991647734254867E-004   512.229166510322     
  -1.54867753059124      -4.991647734254867E-004   512.785471930624     
  -1.35411904993704      -4.991647734254867E-004   519.502373478410     
  -1.40169135224208      -4.991647734254867E-004   517.760029713562     
  -1.64819854546490      -4.991647734254867E-004   509.656960645454     
   1.61540543194115      -4.991647734254867E-004   510.671168149478     
  -1.36926271493230      -4.991647734254867E-004   518.931058893839     
  -1.61573238375350      -4.991647734254867E-004   510.650515165507     
  -1.56387319649387      -4.991647734254867E-004   512.281050266518     
  -1.55081231539594      -4.991647734254867E-004   512.698421531618     
   1.65011942386518      -4.991647734254867E-004   509.606927180880     
  -1.40381728361388      -4.991647734254867E-004   517.693953136805     
  -1.41896724731998      -4.991647734254867E-004   517.161872390726     
  -1.66123946814265      -4.991647734254867E-004   509.258605257308     
  -1.42109955443600      -4.991647734254867E-004   517.058039484374     
   1.22622614503401      -4.991647734254867E-004   524.466207837294     
  -1.59843801918104      -4.991647734254867E-004   511.203276170486     
  -1.17494464242194      -4.991647734254867E-004   526.589049907215     
   1.32556223627303      -4.991647734254867E-004   520.546197115461     
   1.66523145665084      -4.991647734254867E-004   509.158047113913     
  -1.66336977372586      -4.991647734254867E-004   509.211919923097     
   1.98455504035989      -4.991647734254867E-004   500.376737902530     
  -1.98519586035613      -4.991647734254867E-004   500.347337298120     
  -1.20863468488757      -4.991647734254867E-004   525.172839535836     
   1.69993102226315      -4.991647734254867E-004   508.100729739183     
  -1.64607304674529      -4.991647734254867E-004   509.733546392346     
  -1.20704736970322      -4.991647734254867E-004   525.241601050882     
  -1.69583928693043      -4.991647734254867E-004   508.245202379555     
  -1.69370361483900      -4.991647734254867E-004   508.290258450947     
   1.26062527161573      -4.991647734254867E-004   523.052533315188     
   1.69769327596965      -4.991647734254867E-004   508.192226740918     
  -1.45140169343226      -4.991647734254867E-004   516.031332102497     
  -1.45352528947430      -4.991647734254867E-004   515.932377074559     
  -1.61360745391187      -4.991647734254867E-004   510.730197145510     
   1.40558390742781      -4.991647734254867E-004   517.637443794735     
  -1.71314303137792      -4.991647734254867E-004   507.726227447057     
  -1.71100670664621      -4.991647734254867E-004   507.797410861135     
   1.71504310783247      -4.991647734254867E-004   507.677839244493     
  -1.22399699824875      -4.991647734254867E-004   524.555844621154     
  -1.46654863784332      -4.991647734254867E-004   515.496482221073     
  -1.22229515851716      -4.991647734254867E-004   524.574523753545     
  -1.46867746476444      -4.991647734254867E-004   515.436042244725     
   1.71280470902837      -4.991647734254867E-004   507.740813378940     
   1.42294254556693      -4.991647734254867E-004   517.006913881820     
   1.01518878744715      -4.991647734254867E-004   533.896189849295     
  -1.01513512670165      -4.991647734254867E-004   533.894105303201     
   1.01506973010000      -4.991647734254867E-004   533.900755317425     
   1.81021777555328      -4.991647734254867E-004   504.972250719165     
  -1.85617121363185      -4.991647734254867E-004   503.726755988544     
   1.85884033949502      -4.991647734254867E-004   503.654862241171     
   1.46830765695236      -4.991647734254867E-004   515.427355178415     
  -1.81056566956469      -4.991647734254867E-004   504.962545265184     
   1.37099236981912      -4.991647734254867E-004   518.858896256144     
   1.42072854170910      -4.991647734254867E-004   517.098272727931     
   1.51806418678010      -4.991647734254867E-004   513.781846482169     
   1.74526883653453      -4.991647734254867E-004   506.801142068398     
   1.84193655182882      -4.991647734254867E-004   504.103120529704     
  -1.25647950203325      -4.991647734254867E-004   523.246066405672     
  -1.88814023617992      -4.991647734254867E-004   502.872209439296     
  -1.37139772354071      -4.991647734254867E-004   518.861481177700     
  -1.84200314115386      -4.991647734254867E-004   504.102562135309     
   1.45320088486684      -4.991647734254867E-004   515.967487508507     
   1.40339894332940      -4.991647734254867E-004   517.690053415448     
   1.50074216019625      -4.991647734254867E-004   514.334169506703     
   1.45540581051572      -4.991647734254867E-004   515.880500074494     
  -1.74561489481813      -4.991647734254867E-004   506.788172570049     
  -1.74347712793166      -4.991647734254867E-004   506.856773642652     
   1.74751015844370      -4.991647734254867E-004   506.740407977432     
   1.47051951553434      -4.991647734254867E-004   515.378479024361     
   1.50294831420371      -4.991647734254867E-004   514.287599413672     
   1.79509749082677      -4.991647734254867E-004   505.400806823466     
   1.76486645494364      -4.991647734254867E-004   506.229135715496     
  -1.75864548044367      -4.991647734254867E-004   506.407322536863     
   1.76262445408705      -4.991647734254867E-004   506.314147721740     
   1.59804207916571      -4.991647734254867E-004   511.190393253281     
  -1.76078157165609      -4.991647734254867E-004   506.365520630168     
  -1.79325597936592      -4.991647734254867E-004   505.451524120587     
   1.84438756009554      -4.991647734254867E-004   504.042801372353     
  -1.27375496849836      -4.991647734254867E-004   522.551484100409     
  -1.25848869446363      -4.991647734254867E-004   523.116986448308     
  -1.83970987312756      -4.991647734254867E-004   504.168370457741     
   1.86102078566638      -4.991647734254867E-004   503.579988795508     
   1.61767168498920      -4.991647734254867E-004   510.599352393453     
  -1.27167519618430      -4.991647734254867E-004   522.631387734711     
   1.55274713220234      -4.991647734254867E-004   512.646321416774     
  -1.35625215508517      -4.991647734254867E-004   519.388281663646     
  -1.79092605525298      -4.991647734254867E-004   505.497289927521     
  -1.80823211045079      -4.991647734254867E-004   505.031749649894     
   1.79724674746305      -4.991647734254867E-004   505.321425144260     
   1.81236348770282      -4.991647734254867E-004   504.918432338133     
  -1.85368524108503      -4.991647734254867E-004   503.773837313531     
  -1.51837107477229      -4.991647734254867E-004   513.753649065825     
  -1.50109523970315      -4.991647734254867E-004   514.344764170894     
   1.55050097896620      -4.991647734254867E-004   512.723830723592     
  -1.49897068392836      -4.991647734254867E-004   514.402431660676     
  -1.51624151445600      -4.991647734254867E-004   513.844442869102     
  -1.59633759709550      -4.991647734254867E-004   511.252979613401     
   1.60031855800743      -4.991647734254867E-004   511.147405511653     
   1.64787059170858      -4.991647734254867E-004   509.675347929967     
   1.32344828378860      -4.991647734254867E-004   520.647887451947     
  -1.92599207963896      -4.991647734254867E-004   501.871428270507     
   1.56785621770257      -4.991647734254867E-004   512.172466374818     
   1.30618772422245      -4.991647734254867E-004   521.282165548390     
   1.56559996649562      -4.991647734254867E-004   512.216692821561     
   1.52027602088958      -4.991647734254867E-004   513.702029233149     
   1.16149711106144      -4.991647734254867E-004   527.180117540119     
   1.16327130908809      -4.991647734254867E-004   527.059924866375     
   1.27378332168396      -4.991647734254867E-004   522.538951913246     
   1.22823116300078      -4.991647734254867E-004   524.350609412952     
   1.17677143607194      -4.991647734254867E-004   526.503583711496     
  -1.94648178824822      -4.991647734254867E-004   501.348723594370     
   1.20903976364430      -4.991647734254867E-004   525.149814042411     
   1.96927108577604      -4.991647734254867E-004   500.749573866204     
  -1.93017947110822      -4.991647734254867E-004   501.762833282162     
   1.07989368101515      -4.991647734254867E-004   530.809996595938     
  -1.15877967527456      -4.991647734254867E-004   527.239448809429     
  -1.94862902846588      -4.991647734254867E-004   501.293395691459     
   1.98539093465235      -4.991647734254867E-004   500.355106801229     
   1.89935148465629      -4.991647734254867E-004   502.568032342631     
   1.97047512783386      -4.991647734254867E-004   500.737702107103     
  -1.89907570176092      -4.991647734254867E-004   502.578939783124     
  -1.90178870287350      -4.991647734254867E-004   502.505945320204     
  -1.97253561117503      -4.991647734254867E-004   500.680488093075     
  -1.97468285139270      -4.991647734254867E-004   500.626728482930     
   1.92737429822073      -4.991647734254867E-004   501.836209799178     
   1.92638523507682      -4.991647734254867E-004   501.866995295180     
   1.94032028113502      -4.991647734254867E-004   501.492268096727     
   1.94125612719181      -4.991647734254867E-004   501.484959981164     
   1.88709667336086      -4.991647734254867E-004   502.900668656046     
   1.90024859481031      -4.991647734254867E-004   502.551207461153     
  -1.88108204717032      -4.991647734254867E-004   503.040556264247     
  -1.98875942622299      -4.991647734254867E-004   500.276204567018     
   1.88862548651532      -4.991647734254867E-004   502.845176026915     
