17 124 1 124
0 1 0 1
1
0 0 0
0 2 0 1
2
1 0 0
0 3 0 1
3
1 1 0
0 4 0 1
4
0 1 0
0 5 0 1
5
0.25 0.25 0
0 6 0 1
6
0.75 0.25 0
0 7 0 1
7
0.75 0.75 0
0 8 0 1
8
0.25 0.75 0
1 1 0 9
9
10
11
12
13
14
15
16
17
0.09999999999981467 0 0
0.1999999999995579 0 0
0.2999999999992664 0 0
0.3999999999989749 0 0
0.4999999999986943 0 0
0.5999999999989468 0 0
0.69999999999921 0 0
0.7999999999994734 0 0
0.8999999999997368 0 0
1 2 0 9
18
19
20
21
22
23
24
25
26
1 0.09999999999981467 0
1 0.1999999999995579 0
1 0.2999999999992664 0
1 0.3999999999989749 0
1 0.4999999999986943 0
1 0.5999999999989468 0
1 0.69999999999921 0
1 0.7999999999994734 0
1 0.8999999999997368 0
1 3 0 9
27
28
29
30
31
32
33
34
35
0.8999999999995836 1 0
0.7999999999999998 1 0
0.7000000000006934 1 0
0.6000000000013869 1 0
0.5000000000020587 1 0
0.4000000000016644 1 0
0.3000000000012483 1 0
0.2000000000008322 1 0
0.100000000000416 1 0
1 4 0 9
36
37
38
39
40
41
42
43
44
0 0.8999999999995836 0
0 0.7999999999999998 0
0 0.7000000000006934 0
0 0.6000000000013869 0
0 0.5000000000020587 0
0 0.4000000000016644 0
0 0.3000000000012483 0
0 0.2000000000008322 0
0 0.100000000000416 0
1 5 0 4
45
46
47
48
0.3500000000005549 0.25 0
0.4500000000004162 0.25 0
0.5500000000002775 0.25 0
0.6500000000001387 0.25 0
1 6 0 4
49
50
51
52
0.75 0.3500000000005549 0
0.75 0.4500000000004162 0
0.75 0.5500000000002775 0
0.75 0.6500000000001387 0
1 7 0 4
53
54
55
56
0.650000000000555 0.75 0
0.5500000000011098 0.75 0
0.4500000000011097 0.75 0
0.3500000000005549 0.75 0
1 8 0 4
57
58
59
60
0.25 0.650000000000555 0
0.25 0.5500000000011098 0
0.25 0.4500000000011097 0
0.25 0.3500000000005549 0
2 1 0 64
61
62
63
64
65
66
67
68
69
70
71
72
73
74
75
76
77
78
79
80
81
82
83
84
85
86
87
88
89
90
91
92
93
94
95
96
97
98
99
100
101
102
103
104
105
106
107
108
109
110
111
112
113
114
115
116
117
118
119
120
121
122
123
124
0.08437935400916638 0.8495762630717483 0
0.8430304826336729 0.9097427466436436 0
0.9052119733800829 0.1552867838065667 0
0.1504237369277891 0.08437935400936707 0
0.08455053679534144 0.6495091566217687 0
0.6600759616056306 0.9087434165866328 0
0.5000000000011097 0.8366025403782037 0
0.1666666666666443 0.4986256385394512 0
0.8344423902874787 0.3041621764444343 0
0.3499999999991206 0.0866025403781914 0
0.9133974596218039 0.4499999999988346 0
0.4995091566208548 0.1654494632044272 0
0.8366025403781434 0.7000000000000695 0
0.7000000000000695 0.1633974596216763 0
0.2547135923045603 0.9178635605963891 0
0.08660254037879478 0.3500000000014563 0
0.836602540378212 0.7999999999997366 0
0.7517099762187395 0.8532338905884529 0
0.7997689649992032 0.1592366930323338 0
0.3995091566217105 0.8345505367956692 0
0.9154494632046097 0.5504908433780661 0
0.5999582616174742 0.164405931111258 0
0.08253281477268974 0.2554007360317249 0
0.08425540519710085 0.7498475699490764 0
0.2500183836993071 0.08608058739407111 0
0.5958769156159336 0.8342220764987643 0
0.1668691919594919 0.5996891325274808 0
0.4499181927694917 0.08367567588121791 0
0.8336756758814122 0.6000818072293868 0
0.915958688580814 0.2486224560843692 0
0.9159158694327642 0.3504641054210608 0
0.08387820117422351 0.4497709397578643 0
0.3493246840962407 0.9166998883441317 0
0.1615567779341472 0.8015217658320101 0
0.1662053186476802 0.7000946041551483 0
0.4500000000018615 0.9183012701893923 0
0.9183012701890253 0.7499999999998471 0
0.198455866449266 0.1618609379630883 0
0.7499614941662831 0.08073283479223516 0
0.2997457083581223 0.1671412312716178 0
0.5498976018342666 0.08253830000133403 0
0.6500000000001386 0.08169872981110116 0
0.8316987298113858 0.4999999999986912 0
0.1656600718477131 0.3054835569419514 0
0.8316966781064886 0.4000000000004855 0
0.5509921462046634 0.9163115506088322 0
0.0836607660992835 0.5495991445750016 0
0.3051747101107418 0.8354320119557883 0
0.1671345800112293 0.4006466892070646 0
0.4000000000004855 0.1683033218943565 0
0.9183033218943352 0.6499999999990785 0
0.1566414594120647 0.9086402946392429 0
0.09139785308407866 0.1567425902011142 0
0.9183012701891831 0.8478377775905487 0
0.8470410843481689 0.07799203968112962 0
0.7509632840917473 0.934344010763746 0
0.6815325706881717 0.8192398767347702 0
0.926794919243098 0.9267949192431389 0
0.07320508075687601 0.9267949192431241 0
0.07320508075662228 0.07320508075678341 0
0.9273040735442352 0.07269592645564224 0
0.8434018166154618 0.2249730586664808 0
0.2275008276413851 0.8434780859985401 0
0.156521754040788 0.2275006056171401 0