17 425 1 425
0 1 0 1
1
0 0 0
0 2 0 1
2
1 0 0
0 3 0 1
3
1 1 0
0 4 0 1
4
0 1 0
0 5 0 1
5
0.25 0.25 0
0 6 0 1
6
0.75 0.25 0
0 7 0 1
7
0.75 0.75 0
0 8 0 1
8
0.25 0.75 0
1 1 0 19
9
10
11
12
13
14
15
16
17
18
19
20
21
22
23
24
25
26
27
0.04999999999989965 0 0
0.09999999999981467 0 0
0.1499999999997036 0 0
0.1999999999995579 0 0
0.2499999999994121 0 0
0.2999999999992664 0 0
0.3499999999991206 0 0
0.3999999999989749 0 0
0.4499999999988292 0 0
0.4999999999986943 0 0
0.5499999999988151 0 0
0.5999999999989468 0 0
0.6499999999990784 0 0
0.69999999999921 0 0
0.7499999999993417 0 0
0.7999999999994734 0 0
0.8499999999996051 0 0
0.8999999999997368 0 0
0.9499999999998684 0 0
1 2 0 19
28
29
30
31
32
33
34
35
36
37
38
39
40
41
42
43
44
45
46
1 0.04999999999989965 0
1 0.09999999999981467 0
1 0.1499999999997036 0
1 0.1999999999995579 0
1 0.2499999999994121 0
1 0.2999999999992664 0
1 0.3499999999991206 0
1 0.3999999999989749 0
1 0.4499999999988292 0
1 0.4999999999986943 0
1 0.5499999999988151 0
1 0.5999999999989468 0
1 0.6499999999990784 0
1 0.69999999999921 0
1 0.7499999999993417 0
1 0.7999999999994734 0
1 0.8499999999996051 0
1 0.8999999999997368 0
1 0.9499999999998684 0
1 3 0 19
47
48
49
50
51
52
53
54
55
56
57
58
59
60
61
62
63
64
65
0.9499999999997918 1 0
0.8999999999995836 1 0
0.8499999999996529 1 0
0.7999999999999998 1 0
0.7500000000003466 1 0
0.7000000000006934 1 0
0.6500000000010401 1 0
0.6000000000013869 1 0
0.5500000000017335 1 0
0.5000000000020587 1 0
0.4500000000018723 1 0
0.4000000000016644 1 0
0.3500000000014564 1 0
0.3000000000012483 1 0
0.2500000000010403 1 0
0.2000000000008322 1 0
0.1500000000006241 1 0
0.100000000000416 1 0
0.05000000000020799 1 0
1 4 0 19
66
67
68
69
70
71
72
73
74
75
76
77
78
79
80
81
82
83
84
0 0.9499999999997918 0
0 0.8999999999995836 0
0 0.8499999999996529 0
0 0.7999999999999998 0
0 0.7500000000003466 0
0 0.7000000000006934 0
0 0.6500000000010401 0
0 0.6000000000013869 0
0 0.5500000000017335 0
0 0.5000000000020587 0
0 0.4500000000018723 0
0 0.4000000000016644 0
0 0.3500000000014564 0
0 0.3000000000012483 0
0 0.2500000000010403 0
0 0.2000000000008322 0
0 0.1500000000006241 0
0 0.100000000000416 0
0 0.05000000000020799 0
1 5 0 9
85
86
87
88
89
90
91
92
93
0.3000000000004857 0.25 0
0.3500000000005549 0.25 0
0.4000000000004855 0.25 0
0.4500000000004162 0.25 0
0.5000000000003468 0.25 0
0.5500000000002775 0.25 0
0.6000000000002081 0.25 0
0.6500000000001387 0.25 0
0.7000000000000695 0.25 0
1 6 0 9
94
95
96
97
98
99
100
101
102
0.75 0.3000000000004857 0
0.75 0.3500000000005549 0
0.75 0.4000000000004855 0
0.75 0.4500000000004162 0
0.75 0.5000000000003468 0
0.75 0.5500000000002775 0
0.75 0.6000000000002081 0
0.75 0.6500000000001387 0
0.75 0.7000000000000695 0
1 7 0 9
103
104
105
106
107
108
109
110
111
0.7000000000002775 0.75 0
0.650000000000555 0.75 0
0.6000000000008324 0.75 0
0.5500000000011098 0.75 0
0.5000000000013763 0.75 0
0.4500000000011097 0.75 0
0.4000000000008323 0.75 0
0.3500000000005549 0.75 0
0.3000000000002774 0.75 0
1 8 0 9
112
113
114
115
116
117
118
119
120
0.25 0.7000000000002775 0
0.25 0.650000000000555 0
0.25 0.6000000000008324 0
0.25 0.5500000000011098 0
0.25 0.5000000000013763 0
0.25 0.4500000000011097 0
0.25 0.4000000000008323 0
0.25 0.3500000000005549 0
0.25 0.3000000000002774 0
2 1 0 305
121
122
123
124
125
126
127
128
129
130
131
132
133
134
135
136
137
138
139
140
141
142
143
144
145
146
147
148
149
150
151
152
153
154
155
156
157
158
159
160
161
162
163
164
165
166
167
168
169
170
171
172
173
174
175
176
177
178
179
180
181
182
183
184
185
186
187
188
189
190
191
192
193
194
195
196
197
198
199
200
201
202
203
204
205
206
207
208
209
210
211
212
213
214
215
216
217
218
219
220
221
222
223
224
225
226
227
228
229
230
231
232
233
234
235
236
237
238
239
240
241
242
243
244
245
246
247
248
249
250
251
252
253
254
255
256
257
258
259
260
261
262
263
264
265
266
267
268
269
270
271
272
273
274
275
276
277
278
279
280
281
282
283
284
285
286
287
288
289
290
291
292
293
294
295
296
297
298
299
300
301
302
303
304
305
306
307
308
309
310
311
312
313
314
315
316
317
318
319
320
321
322
323
324
325
326
327
328
329
330
331
332
333
334
335
336
337
338
339
340
341
342
343
344
345
346
347
348
349
350
351
352
353
354
355
356
357
358
359
360
361
362
363
364
365
366
367
368
369
370
371
372
373
374
375
376
377
378
379
380
381
382
383
384
385
386
387
388
389
390
391
392
393
394
395
396
397
398
399
400
401
402
403
404
405
406
407
408
409
410
411
412
413
414
415
416
417
418
419
420
421
422
423
424
425
0.8282977764749759 0.9506477261714399 0
0.04758321978188922 0.8304911113984437 0
0.9524167802181971 0.1695088886012907 0
0.169508888601031 0.04758321978151779 0
0.9566987298106641 0.8249999999995391 0
0.8249999999995391 0.04330127018933595 0
0.1745247717889948 0.9587605255484344 0
0.04330127018940215 0.1750000000007281 0
0.5757692511055611 0.9546702957782718 0
0.0433012701889216 0.6250000000012135 0
0.6695088886022584 0.9524167802179633 0
0.0433012701889216 0.72500000000052 0
0.04330127018893103 0.5250000000018962 0
0.9579001539624918 0.4256653194952472 0
0.3749999999990478 0.0433012701890957 0
0.7933012701891619 0.5250000000003122 0
0.4806366288818391 0.7972614706503848 0
0.2749999999993393 0.04330127018909569 0
0.9566987298109043 0.2749999999993393 0
0.7933012701890736 0.7250000000000252 0
0.5750000000002429 0.2066987298108382 0
0.4749999999987529 0.04330127018911637 0
0.7250000000000347 0.2066987298108382 0
0.7920998460375246 0.6256653194963756 0
0.2750000000002596 0.7933012701892541 0
0.04330127018940205 0.2750000000011443 0
0.04123947445132817 0.4245247717901971 0
0.3725975413561866 0.9547474144234198 0
0.7933012701890974 0.7749999999998544 0
0.2250000000001633 0.7933012701892865 0
0.7749999999999827 0.2044658198739535 0
0.2076613977474086 0.6747881315363933 0
0.6293362827360607 0.7948148062475726 0
0.2066987298108944 0.5750000000009801 0
0.7923008852833888 0.3250000000005111 0
0.6749999999991443 0.0433012701893359 0
0.4254752282119205 0.2087615465326734 0
0.3250000000005087 0.2076991147165397 0
0.2066987298107222 0.4750000000011982 0
0.2066987298104743 0.3750000000007104 0
0.9579001539620969 0.6743346805029968 0
0.9566987298106798 0.5749999999988248 0
0.7933012701891698 0.425000000000454 0
0.4830532363019593 0.9535026975386939 0
0.5743346805028133 0.04209984603776422 0
0.2812845336715445 0.9569029701138942 0
0.2066987298105488 0.2750000000001346 0
0.2044658198736453 0.2249999999998876 0
0.3750000000006936 0.7933012701894622 0
0.836602540378184 0.7499999999999214 0
0.7500000000000018 0.163025307965493 0
0.8366025403781745 0.7999999999997645 0
0.7933012701890925 0.8249999999996765 0
0.7999999999999644 0.1629632826894726 0
0.8249999999999373 0.2040213053957772 0
0.7000000000000286 0.1633354343456164 0
0.2494669645582089 0.8362947922225457 0
0.1999111607598825 0.8365512490191588 0
0.1749851934601588 0.7932927216294493 0
0.1630253079648704 0.2500000000000917 0
0.1629632826889429 0.1999999999998026 0
0.2040213053954174 0.1749999999996896 0
0.8366025403781593 0.8499999999995875 0
0.1499827257035501 0.8365925670585967 0
0.8499999999999212 0.1628788593971136 0
0.1628788593965955 0.1499999999996305 0
0.9248486653825302 0.9575514420749444 0
0.04379176744557939 0.9241915937324753 0
0.04050845377170831 0.07516428885396181 0
0.924835711146061 0.04050845377168982 0
0.1633354343447539 0.3000000000005021 0
0.8362184179879658 0.7006653194962358 0
0.2992537745096351 0.8395371911412838 0
0.7939062966314842 0.873952063461346 0
0.7501008377405013 0.8498253439098804 0
0.1260425897323401 0.7939032096517822 0
0.1497626463182807 0.7503348331799482 0
0.8739520634616904 0.2055610325951496 0
0.8425505092277161 0.2520694497942673 0
0.2055610325947252 0.1260479365377934 0
0.2520694497940588 0.1574494907718688 0
0.8799038105673206 0.7249999999999838 0
0.725000000000016 0.1200961894324298 0
0.225000000000224 0.8799038105677174 0
0.1200961894317175 0.2249999999998917 0
0.7501008377405887 0.907085661219148 0
0.7066987298111215 0.8749999999994503 0
0.8769391468496501 0.6750792047016396 0
0.6750000000000043 0.1200961894324276 0
0.6500000000000654 0.1633871220756378 0
0.624999999999988 0.1200961894324427 0
0.7076675224888123 0.8252012601006808 0
0.8799038105672414 0.8249999999997023 0
0.8796459148212831 0.8788011489030031 0
0.8249999999999538 0.1200961894324594 0
0.8749999999999263 0.1200961894324616 0
0.6592594886976005 0.8422290905204748 0
0.09275651808593563 0.7496954573554337 0
0.1230285741190398 0.714835685448474 0
0.9061445974483264 0.2505714748189991 0
0.875843945228758 0.2873214251789129 0
0.2505714748187968 0.09385540255133087 0
0.2903203471500386 0.1251331523796014 0
0.663121342855727 0.8980597085845246 0
0.6200961894331949 0.8749999999994603 0
0.1000000000004138 0.8366025403784574 0
0.1243318014546339 0.8795180259573414 0
0.1633974596211238 0.09999999999952638 0
0.1200961894318401 0.124999999999564 0
0.1200961894318403 0.07499999999949497 0
0.6209221634674708 0.9247154026802893 0
0.5767616368934861 0.9007309497427285 0
0.5756528777522075 0.8504556875356346 0
0.5339818672562026 0.8751977728793896 0
0.5300772921264293 0.8250050802914823 0
0.4885091180162426 0.8521102190279906 0
0.4415724968941955 0.8355215838833231 0
0.4512915336711379 0.8823391618505725 0
0.4049423875916225 0.8683396374489027 0
0.4130833815508027 0.9151765312419511 0
0.3654606766775402 0.901556573644359 0
0.3255880542951118 0.931160983857379 0
0.3554369555875156 0.8438522991614554 0
0.07496531123077993 0.8794519801157218 0
0.09920367081132338 0.9223916515413189 0
0.5320533049055556 0.9250342185049212 0
0.318080692784843 0.8852739504800644 0
0.7942419375757566 0.277278665029092 0
0.2772786650290296 0.2057580624240496 0
0.2066987298106346 0.4250000000009987 0
0.163397459621426 0.450000000001209 0
0.1633974596215819 0.5000000000013061 0
0.120096189432312 0.4750000000014571 0
0.120096189432472 0.5250000000014095 0
0.121297613583521 0.4243346805051454 0
0.1633974596216986 0.5500000000011638 0
0.1200961894326835 0.5750000000012193 0
0.1633974596218055 0.6000000000009528 0
0.1216273248048722 0.6235056331208081 0
0.956698729810775 0.5249999999987562 0
0.9133974596214622 0.5499999999987176 0
0.9133974596215658 0.4999999999986868 0
0.913781582011572 0.5993346805025392 0
0.870096189432144 0.5749999999986224 0
0.8727079169928224 0.6249302244284035 0
0.1976155656861143 0.7514067704345491 0
0.04229196603311818 0.4749595894399011 0
0.8779494846600371 0.9579710303960592 0
0.2066987298108058 0.5250000000011655 0
0.9573471099578305 0.6241129073373126 0
0.8749900213278208 0.0425359374905309 0
0.5242237939198815 0.04271691044034804 0
0.4992053128227161 0.08612102469658592 0
0.4498675521361319 0.08652228776462996 0
0.4755107969886174 0.1294260601278998 0
0.5249526849681195 0.1264747258355881 0
0.4263936971796361 0.1282266928946189 0
0.502073205481402 0.1688529845232363 0
0.225691583984015 0.9581394544956479 0
0.04253593749057538 0.1250099786722722 0
0.7931345393715492 0.3750000000005038 0
0.8365747519087343 0.4000000000005016 0
0.8345286966953053 0.4506653194964991 0
0.8772834276739374 0.4260296611251689 0
0.8779313133012049 0.376665977067628 0
0.8351777233793501 0.3517720297251961 0
0.6249595894369192 0.0426325963988451 0
0.9591125190198181 0.872421520484546 0
0.9566987298106641 0.7749999999994068 0
0.9573674036011435 0.724959589437147 0
0.1652347312053926 0.6495736502275239 0
0.1635976969796912 0.3998891134183338 0
0.1207139220734674 0.3742053128251193 0
0.1635234504083023 0.3498490710410307 0
0.1210285369296359 0.3248423973116147 0
0.08032247297770283 0.3485106460309771 0
0.1205436751997394 0.2749931624550647 0
0.2067093907290132 0.3249748451738683 0
0.8700961894322959 0.5249999999986131 0
0.3750792047024145 0.2080279945546044 0
0.3522872503719246 0.1676726335016224 0
0.7249999999992629 0.04330127018932808 0
0.7749999999993817 0.04330127018933534 0
0.9572830895597295 0.4757762060778403 0
0.8999999999998601 0.163397459621675 0
0.924999999999882 0.120096189432517 0
0.2071653863975835 0.6248936302945395 0
0.575019799241866 0.7982559656932915 0
0.7926325963985834 0.5750404105624514 0
0.1200961894318076 0.1749999999996624 0
0.7512947267048796 0.8019381907313999 0
0.7250000000005199 0.9566987298110785 0
0.04282811143557376 0.6750000000008666 0
0.04330127018892083 0.7750000000001729 0
0.0433012701894021 0.2250000000009362 0
0.04330127018892124 0.5750000000015604 0
0.4249779253551139 0.04328789475350288 0
0.95736740360138 0.3750404105612649 0
0.775000000000173 0.9566987298110787 0
0.174205628490203 0.8786278782011501 0
0.8333224038755049 0.8990895936857096 0
0.7924695760798327 0.4750792047023006 0
0.6750000000000849 0.2066866693404942 0
0.9566987298109043 0.2249999999994849 0
0.3249999999991935 0.04230088528325528 0
0.3522740495873385 0.08423400050321039 0
0.9572008987766167 0.3250017531993452 0
0.2249999999994849 0.04330127018909564 0
0.7749999999999851 0.1200961894324447 0
0.6250000000001643 0.2066977580796219 0
0.8799038105672785 0.7749999999998427 0
0.4012508568723512 0.08552853705508245 0
0.6006653194962764 0.1637796971323362 0
0.5750735719598894 0.1226524043868403 0
0.7926528900418994 0.6758870926616992 0
0.3257817883498226 0.7949986717802424 0
0.1693173898402925 0.7043969872990999 0
0.9527027743080626 0.9210791745278458 0
0.6754495453410846 0.7915920578665677 0
0.07708828981345392 0.04293158640400428 0
0.9570684135959049 0.07708828981350746 0
0.2721510521888543 0.8792818645942704 0
0.9035430135681166 0.9208013444838228 0
0.4276566848038844 0.9585512777085485 0
0.4904118422144996 0.901792047621031 0
0.4247059861105539 0.7911571632271674 0
0.5268625860958849 0.2088658736795491 0
0.5516914248508449 0.1660725810570948 0
0.5485963623125053 0.08381885424964308 0
0.8338847240724218 0.651405685896453 0
0.9160312435086969 0.6485965591338652 0
0.1495443120909679 0.9198684113473151 0
0.3789919169768395 0.127599076225437 0
0.4507421546437452 0.1691980411968939 0
0.9158042851495299 0.4532331880536251 0
0.8738000353526039 0.4758213614454901 0
0.08061018270823073 0.3994292351925571 0
0.04061998876641092 0.3247517743395127 0
0.07550141121119672 0.9621968888185619 0
0.08158850795246074 0.6482565719740885 0
0.9184542123988644 0.3517790570179962 0
0.08169872981080685 0.6000000000013863 0
0.08169872981072629 0.5500000000015894 0
0.9192038367568173 0.8480339495965579 0
0.0816987298105432 0.5000000000020659 0
0.9183012701889 0.7999999999998004 0
0.9011490243449227 0.08033729829194826 0
0.9183012701888292 0.7499999999999452 0
0.8501898409453572 0.0813442691079615 0
0.9177405047796229 0.6996616722959295 0
0.8000316401573715 0.08163965302710385 0
0.08120569266984221 0.4497080461552206 0
0.7500052733593381 0.08168888368029427 0
0.9174567993479014 0.4014022688868217 0
0.7000008788929583 0.08169708878916293 0
0.6499999999999847 0.08169872981116202 0
0.1998277160592359 0.9189382967544939 0
0.5996607007020166 0.08216643671944956 0
0.8316987298101254 0.5500000000002776 0
0.8321866671239367 0.6003402733970972 0
0.08033729829172508 0.09885097565481422 0
0.08134426910771703 0.1498101590544581 0
0.08163965302668733 0.1999683598427862 0
0.08169872981007764 0.2500000000010403 0
0.4003891369956636 0.1682936598924228 0
0.4758588624056193 0.2092797409887254 0
0.8316901535429895 0.5000000000003476 0
0.1249468175548551 0.9613313190526256 0
0.0404653531506121 0.3745360712260607 0
0.08170730607837223 0.30000000000069 0
0.2500000000010107 0.9183297003666997 0
0.08290701387827268 0.6974787516072152 0
0.3026877630016471 0.1670455037038481 0
0.9168364820079609 0.3028142751778965 0
0.8350095445746502 0.3032628298822331 0
0.3016896411624009 0.08243595283622432 0
0.7029754020983405 0.9182735007684977 0
0.796520221752117 0.9180911430660598 0
0.0817512623211428 0.7970793109245174 0
0.9178424341877955 0.2028077711273198 0
0.2028077711270323 0.08215756581185282 0
0.5250000000018962 0.9661857195046044 0
0.525000000001243 0.7838142804948861 0
0.6250000000012136 0.96650635094556 0
0.03349364905417562 0.8749999999996184 0
0.9665063509460539 0.1249999999997591 0
0.1249999999997591 0.0334936490536459 0
0.6127869888587554 0.8325941943661949 0
0.3333654465018069 0.125178758813723 0
0.2894208665882729 0.9141898938824616 0
0.4003315652369162 0.8264343907820622 0
0.8776800366206403 0.3303731520387451 0
0.1211062878812648 0.6685753735106128 0
0.4530993357084568 0.9222723431921594 0
0.2370946361132031 0.2013477095096183 0
0.7986522904901211 0.2370946361133788 0
0.2141736897406051 0.7147856832097284 0
0.7168823589070108 0.7837463017397297 0
0.9633974596214028 0.9633974596214232 0
0.9636520367722866 0.0363479632276502 0
0.03634796322763849 0.03634796322772268 0
0.0350130290091336 0.9649869709908663 0
0.3254561356461264 0.9703113241358952 0
0.9228416116948195 0.8882274275991553 0
0.8645504661037897 0.9224242428083265 0