9 513 1 513
0 1 0 1
1
0 0 0
0 2 0 1
2
1 0 0
0 3 0 1
3
1 1 0
0 4 0 1
4
0 1 0
1 1 0 19
5
6
7
8
9
10
11
12
13
14
15
16
17
18
19
20
21
22
23
0.04999999999989965 0 0
0.09999999999981467 0 0
0.1499999999997036 0 0
0.1999999999995579 0 0
0.2499999999994121 0 0
0.2999999999992664 0 0
0.3499999999991206 0 0
0.3999999999989749 0 0
0.4499999999988292 0 0
0.4999999999986943 0 0
0.5499999999988151 0 0
0.5999999999989468 0 0
0.6499999999990784 0 0
0.69999999999921 0 0
0.7499999999993417 0 0
0.7999999999994734 0 0
0.8499999999996051 0 0
0.8999999999997368 0 0
0.9499999999998684 0 0
1 2 0 19
24
25
26
27
28
29
30
31
32
33
34
35
36
37
38
39
40
41
42
1 0.04999999999989965 0
1 0.09999999999981467 0
1 0.1499999999997036 0
1 0.1999999999995579 0
1 0.2499999999994121 0
1 0.2999999999992664 0
1 0.3499999999991206 0
1 0.3999999999989749 0
1 0.4499999999988292 0
1 0.4999999999986943 0
1 0.5499999999988151 0
1 0.5999999999989468 0
1 0.6499999999990784 0
1 0.69999999999921 0
1 0.7499999999993417 0
1 0.7999999999994734 0
1 0.8499999999996051 0
1 0.8999999999997368 0
1 0.9499999999998684 0
1 3 0 19
43
44
45
46
47
48
49
50
51
52
53
54
55
56
57
58
59
60
61
0.9499999999997918 1 0
0.8999999999995836 1 0
0.8499999999996529 1 0
0.7999999999999998 1 0
0.7500000000003466 1 0
0.7000000000006934 1 0
0.6500000000010401 1 0
0.6000000000013869 1 0
0.5500000000017335 1 0
0.5000000000020587 1 0
0.4500000000018723 1 0
0.4000000000016644 1 0
0.3500000000014564 1 0
0.3000000000012483 1 0
0.2500000000010403 1 0
0.2000000000008322 1 0
0.1500000000006241 1 0
0.100000000000416 1 0
0.05000000000020799 1 0
1 4 0 19
62
63
64
65
66
67
68
69
70
71
72
73
74
75
76
77
78
79
80
0 0.9499999999997918 0
0 0.8999999999995836 0
0 0.8499999999996529 0
0 0.7999999999999998 0
0 0.7500000000003466 0
0 0.7000000000006934 0
0 0.6500000000010401 0
0 0.6000000000013869 0
0 0.5500000000017335 0
0 0.5000000000020587 0
0 0.4500000000018723 0
0 0.4000000000016644 0
0 0.3500000000014564 0
0 0.3000000000012483 0
0 0.2500000000010403 0
0 0.2000000000008322 0
0 0.1500000000006241 0
0 0.100000000000416 0
0 0.05000000000020799 0
2 1 0 433
81
82
83
84
85
86
87
88
89
90
91
92
93
94
95
96
97
98
99
100
101
102
103
104
105
106
107
108
109
110
111
112
113
114
115
116
117
118
119
120
121
122
123
124
125
126
127
128
129
130
131
132
133
134
135
136
137
138
139
140
141
142
143
144
145
146
147
148
149
150
151
152
153
154
155
156
157
158
159
160
161
162
163
164
165
166
167
168
169
170
171
172
173
174
175
176
177
178
179
180
181
182
183
184
185
186
187
188
189
190
191
192
193
194
195
196
197
198
199
200
201
202
203
204
205
206
207
208
209
210
211
212
213
214
215
216
217
218
219
220
221
222
223
224
225
226
227
228
229
230
231
232
233
234
235
236
237
238
239
240
241
242
243
244
245
246
247
248
249
250
251
252
253
254
255
256
257
258
259
260
261
262
263
264
265
266
267
268
269
270
271
272
273
274
275
276
277
278
279
280
281
282
283
284
285
286
287
288
289
290
291
292
293
294
295
296
297
298
299
300
301
302
303
304
305
306
307
308
309
310
311
312
313
314
315
316
317
318
319
320
321
322
323
324
325
326
327
328
329
330
331
332
333
334
335
336
337
338
339
340
341
342
343
344
345
346
347
348
349
350
351
352
353
354
355
356
357
358
359
360
361
362
363
364
365
366
367
368
369
370
371
372
373
374
375
376
377
378
379
380
381
382
383
384
385
386
387
388
389
390
391
392
393
394
395
396
397
398
399
400
401
402
403
404
405
406
407
408
409
410
411
412
413
414
415
416
417
418
419
420
421
422
423
424
425
426
427
428
429
430
431
432
433
434
435
436
437
438
439
440
441
442
443
444
445
446
447
448
449
450
451
452
453
454
455
456
457
458
459
460
461
462
463
464
465
466
467
468
469
470
471
472
473
474
475
476
477
478
479
480
481
482
483
484
485
486
487
488
489
490
491
492
493
494
495
496
497
498
499
500
501
502
503
504
505
506
507
508
509
510
511
512
513
0.4750000000019655 0.9566987298108381 0
0.05046656420038711 0.47718827909724 0
0.5249999999987547 0.04330127018921581 0
0.9660075803079153 0.5234502641686696 0
0.0433012701889216 0.6750000000008667 0
0.6750000000009553 0.956698729811321 0
0.3249999999991935 0.04330127018909568 0
0.956129287310942 0.3255151029577578 0
0.3250000000020248 0.9566987298106971 0
0.0422553504359482 0.3250000000014422 0
0.9628218759964479 0.6742734396871654 0
0.6749999999991443 0.0433012701893359 0
0.04442715103599509 0.8254600999506849 0
0.8249999999998365 0.95669872981118 0
0.04188217555022792 0.1780347135139138 0
0.8270021786645302 0.0419101375958802 0
0.1750000000013638 0.9566987298107144 0
0.9516575057680479 0.8297603025592368 0
0.9555728489640971 0.1745399000489724 0
0.1749999999996307 0.04330127018909571 0
0.4271997259758862 0.04464499979709917 0
0.955131671511366 0.4225429761625003 0
0.03957139431641592 0.5760950406926106 0
0.5750000000015448 0.9566987298110613 0
0.04240819999735911 0.07491856826831382 0
0.9230662432700291 0.0421848152208483 0
0.9230662432699767 0.9578151847792151 0
0.04528486237225462 0.9204087190468542 0
0.4250000000018942 0.9566987298108229 0
0.4500000000020634 0.913397459621806 0
0.4000000000022988 0.9133974596216499 0
0.4250000000023256 0.8700961894327535 0
0.4750000000020879 0.8700961894329196 0
0.4500000000023217 0.8267949192438686 0
0.5000000000020679 0.8267949192440432 0
0.4750000000023085 0.7834936490549762 0
0.5250000000020127 0.7834936490551394 0
0.5000000000022916 0.7401923788660708 0
0.450000000002568 0.7401923788659153 0
0.475000000002559 0.6968911086770037 0
0.5250000000022977 0.6968911086771532 0
0.5000000000025582 0.6535898384880767 0
0.5500000000023066 0.6535898384882276 0
0.5250000000025611 0.6102885682991425 0
0.4750000000028121 0.6102885682989968 0
0.5000000000028103 0.5669872981100551 0
0.5500000000025635 0.5669872981102069 0
0.5250000000028062 0.5236860279211122 0
0.4750000000030412 0.5236860279209665 0
0.5000000000030578 0.480384757732009 0
0.4500000000032693 0.4803847577318693 0
0.5500000000028061 0.4803847577321572 0
0.4750000000032915 0.4370834875428958 0
0.425000000003498 0.4370834875427546 0
0.4000000000034732 0.4803847577317353 0
0.3750000000036984 0.4370834875426082 0
0.4500000000035229 0.3937822173537686 0
0.3500000000036674 0.4803847577316009 0
0.3250000000038876 0.4370834875424599 0
0.3000000000038652 0.4803847577314579 0
0.2750000000040685 0.4370834875423303 0
0.300000000004101 0.3937822173533133 0
0.3250000000036455 0.5236860279205671 0
0.2750000000038643 0.5236860279204367 0
0.3000000000036323 0.5669872981095267 0
0.250000000003876 0.5669872981093952 0
0.2750000000036351 0.6102885682984646 0
0.2500000000042286 0.3937822173531836 0
0.2750000000042906 0.3504809471641428 0
0.5750000000020488 0.6968911086773117 0
0.6000000000020613 0.653589838488381 0
0.6250000000018088 0.6968911086774712 0
0.6500000000018269 0.6535898384885305 0
0.6750000000015834 0.6968911086776692 0
0.7000000000016109 0.653589838488684 0
0.7250000000013779 0.6968911086778473 0
0.7500000000014184 0.6535898384888348 0
0.7250000000016407 0.6102885682996965 0
0.5000000000033284 0.3937822173539183 0
0.4750000000035542 0.3504809471647747 0
0.5250000000033932 0.3504809471649341 0
0.5000000000035995 0.3071796769757714 0
0.5500000000034586 0.3071796769759337 0
0.5250000000036527 0.2638784067867608 0
0.4750000000038043 0.2638784067866115 0
0.5750000000035174 0.2638784067869082 0
0.6000000000033313 0.3071796769760999 0
0.6250000000033967 0.2638784067870614 0
0.6500000000032081 0.3071796769762631 0
0.6750000000032932 0.2638784067872177 0
0.7000000000031031 0.3071796769764205 0
0.72500000000319 0.2638784067873698 0
0.7500000000029982 0.3071796769765757 0
0.7250000000029146 0.3504809471656187 0
0.4000000000026053 0.8267949192437392 0
0.6500000000015699 0.7401923788666857 0
0.7750000000011901 0.6968911086779892 0
0.7500000000011343 0.7401923788669891 0
0.7750000000030897 0.2638784067875265 0
0.750000000003272 0.2205771365983028 0
0.6000000000035615 0.2208123108001122 0
0.7750000000014607 0.6102885682998338 0
0.7500000000016733 0.5669872981106898 0
0.7750000000027988 0.3504809471657744 0
0.2250000000038931 0.6102885682983381 0
0.2500000000036537 0.6535898384873983 0
0.2250000000040625 0.5236860279203182 0
0.2250000000044203 0.3504809471640114 0
0.2500000000044761 0.3071796769749607 0
0.3000000000043472 0.3071796769751068 0
0.2750000000045376 0.2638784067859157 0
0.2250000000046512 0.2638784067857761 0
0.2500000000047142 0.2205771365967009 0
0.3000000000045752 0.2205771365968911 0
0.5000000000038526 0.220577136597595 0
0.8000000000009755 0.7401923788671494 0
0.7750000000009252 0.7834936490561658 0
0.20000000000436 0.3937822173530578 0
0.4250000000028267 0.696891108676852 0
0.750000000002726 0.3937822173547941 0
0.7000000000027639 0.3937822173546283 0
0.2000000000048014 0.2205771365965682 0
0.7980916764234658 0.221678907730909 0
0.8000000000015073 0.5669872981108282 0
0.2000000000039184 0.6535898384872669 0
0.2250000000036632 0.6968911086763369 0
0.8000000000025316 0.3937822173549262 0
0.2750000000034211 0.6968911086764766 0
0.2500000000034361 0.7401923788654459 0
0.2000000000036376 0.7401923788652938 0
0.2250000000034266 0.7834936490544352 0
0.70000000000185 0.5669872981105519 0
0.4500000000040004 0.22057713659745 0
0.5500000000018016 0.8267949192442555 0
0.2250000000048785 0.1772758664074739 0
0.7746819460734113 0.1774594949312908 0
0.7249469910150963 0.1773064711627364 0
0.4730330593134722 0.1784114801456058 0
0.4246721765557644 0.1774651353644809 0
0.8250000000012957 0.6102885682999819 0
0.1757200355506635 0.2642941195019135 0
0.8239383236133777 0.2644913659370298 0
0.1750000000049419 0.1772758664073422 0
0.8183916375006335 0.1749230254844269 0
0.1746783039649812 0.7833079177599199 0
0.8243590698927328 0.7831236078859104 0
0.1750000000041648 0.6102885682982194 0
0.1999463839969418 0.8267639640277182 0
0.2499910640021847 0.8267897600409819 0
0.3500000000034659 0.5669872981096504 0
0.3000000000032365 0.7401923788655804 0
0.4250000000037509 0.350480947164632 0
0.7250000000018822 0.5236860279216005 0
0.6750000000020544 0.5236860279214091 0
0.7998931783158608 0.826733245716825 0
0.7499821963867448 0.8267846403237442 0
0.7499381561838151 0.1340103017659025 0
0.1500000000038142 0.7401923788651238 0
0.8500000000008527 0.7401923788672914 0
0.8500000000013547 0.5669872981109694 0
0.8250000000015489 0.5236860279218808 0
0.1496157519564203 0.826573073530515 0
0.8492344445931477 0.8282580938315445 0
0.2249895746685948 0.8700901703629325 0
0.3250000000032418 0.6968911086766006 0
0.6250000000031535 0.3504809471653108 0
0.4250000000039816 0.2638784067864678 0
0.4000000000028131 0.7401923788657752 0
0.8250000000026613 0.3504809471659279 0
0.850000000002281 0.3937822173550622 0
0.6250000000020587 0.6102885682994283 0
0.5500000000031724 0.3937822173540974 0
0.1499554419106744 0.6536155641144233 0
0.5250000000039041 0.1772758664085752 0
0.175000000004553 0.3504809471638846 0
0.1500000000045173 0.3937822173529258 0
0.1750000000043071 0.437083487542069 0
0.7750000000022623 0.4370834875438912 0
0.2749967731138163 0.8700943263872798 0
0.2999979728547132 0.8267937488690201 0
0.7749792291171917 0.8700841973591414 0
0.7249935709179869 0.8700924776013137 0
0.699995961218273 0.8267925874526434 0
0.6749982553568712 0.870095182162983 0
0.6499990360968344 0.8267943627342917 0
0.6249995485765272 0.8700959288033416 0
0.6999808578688796 0.1342208221386515 0
0.8750000000011697 0.610288568300144 0
0.4415169912656454 0.1355529989982667 0
0.4000000000043871 0.1339745962191169 0
0.2000000000050268 0.1342097704206084 0
0.1500000000050656 0.1342489661208479 0
0.2500000000049336 0.1340137919187686 0
0.1262679050971015 0.4378155128884598 0
0.1502113175197729 0.4805067619554735 0
0.09297212827193024 0.3962220452902289 0
0.1261740891387855 0.6096107076203396 0
0.1501956815267361 0.5668743213295171 0
0.575000000001747 0.7834936490552969 0
0.8500000000010876 0.6535898384891883 0
0.6749879748163258 0.1773220048543266 0
0.6543590194275923 0.130609997137853 0
0.3749453627629677 0.1773074112341561 0
0.3499908937977246 0.1342150278921702 0
0.7000000000021791 0.4803847577325826 0
0.6500000000022805 0.4803847577324315 0
0.6250000000022544 0.52368602792131 0
0.2499977246321406 0.9133961459358156 0
0.3249991243300194 0.8700956838625175 0
0.7499954666727928 0.9133948423049203 0
0.8737366029890437 0.3506176189935619 0
0.1219165141787183 0.1799590155491108 0
0.8734906702583456 0.5228146159885011 0
0.8497484450444497 0.4802395224107511 0
0.1002899376795804 0.1316757504279998 0
0.8980457393503842 0.4791784703146125 0
0.2250000000051277 0.09067332602916389 0
0.7250000000036766 0.09067332603065417 0
0.3676415773425289 0.09054386683861571 0
0.1257003525943283 0.08666514756862413 0
0.7740489233390629 0.09263022172104163 0
0.2750000000050299 0.09067332602931524 0
0.9068046502721661 0.3957859913825016 0
0.0928824346232118 0.6521465566749661 0
0.8966681168315238 0.6527831203157282 0
0.921613425152751 0.612415564896481 0
0.1060419291082951 0.5625331428900888 0
0.1031015326402266 0.4798549629672009 0
0.1999978832180936 0.9133962374956366 0
0.3750000000020673 0.9566987298107303 0
0.04489123220368087 0.4233143273356466 0
0.04330127018948145 0.3750000000019139 0
0.6749991662201145 0.7834931676720513 0
0.5250000000017783 0.9566987298109204 0
0.5500000000017051 0.9133974596220829 0
0.0404717782654111 0.5286859069433754 0
0.200035219590112 0.4804050917686166 0
0.5749999999988258 0.0433012701892318 0
0.5499999999987378 0.08636736617614338 0
0.5999999999986695 0.08660254037847133 0
0.5676174914301862 0.1300193637529368 0
0.5021997259757511 0.08790707428594864 0
0.5999997641133114 0.8267947830543438 0
0.3750000000030469 0.6968911086767205 0
0.4000000000030752 0.6535898384877833 0
0.3500000000032737 0.6535898384876487 0
0.6230330593091169 0.04216565645256015 0
0.9503602260223928 0.476443558084095 0
0.4757332419911172 0.04350747323949218 0
0.3500000000030226 0.740192378865674 0
0.04312695023043699 0.2750000000011787 0
0.09380458231327757 0.3034333296038577 0
0.08472190821984957 0.249652926126408 0
0.6249998764851525 0.7834935777434244 0
0.04944316498946602 0.127828889582856 0
0.874677707211419 0.9568848056389353 0
0.8996239917466857 0.9136145480879048 0
0.9539420065119444 0.9185604831314513 0
0.9244549758285064 0.8742095752828073 0
0.8498836164927936 0.9134646536714577 0
0.9587555512832959 0.7248789066139179 0
0.9562013293823599 0.7757732015284438 0
0.9184821428245897 0.7950065669211505 0
0.9088491400056746 0.7463281188408418 0
0.125408650881289 0.9569346645065924 0
0.1500677556841994 0.9134365783831355 0
0.09970219570384355 0.9148477797978301 0
0.1248976172248242 0.8703074549698326 0
0.07473874707061098 0.8715535509100993 0
0.09829497231041108 0.8264818852486295 0
0.07326003256926046 0.7789198390761151 0
0.1230698237721369 0.7823792612879544 0
0.09878574235550833 0.7376392996117214 0
0.1245411409141554 0.6965072319810766 0
0.8749999999996549 0.04330127018932775 0
0.8996777072114197 0.08641646455051383 0
0.9539496801497707 0.08144394724537364 0
0.9249999999997268 0.1299038105678375 0
0.8749999999997301 0.1299038105678333 0
0.9035166642520097 0.172643529036331 0
0.9269773361847898 0.2209945155569591 0
0.8828522130646383 0.2197185135429005 0
0.9039360857676501 0.2598888995996685 0
0.04287412391909679 0.2254567109946706 0
0.5000000000018968 0.9133974596219308 0
0.2750000000047402 0.1772823990243705 0
0.3750000000033044 0.6102885682987107 0
0.6750000000029985 0.3504809471654673 0
0.6500000000027911 0.3937822173544767 0
0.6000000000029506 0.3937822173542813 0
0.8511152484141769 0.08593230275557377 0
0.3750000000034707 0.5236860279207 0
0.4250000000032721 0.5236860279208292 0
0.2250058699351918 0.4370868765484338 0
0.6500000000020585 0.5669872981104456 0
0.2500068482568607 0.4803887115719322 0
0.3250000000041389 0.3504809471642878 0
0.3500000000041915 0.3071796769752759 0
0.325000000004371 0.2638784067860996 0
0.6999998610378169 0.7401922986362148 0
0.3250000000034324 0.6102885682985932 0
0.3750000000028333 0.7834936490547127 0
0.1250000000046858 0.3504809471637537 0
0.2000326135911801 0.5669684686460073 0
0.9566987298109043 0.3749999999990477 0
0.950308745325177 0.2699827390316595 0
0.3249996621449996 0.7834934539922138 0
0.04694262906676906 0.730731088947708 0
0.7998230539379462 0.3072818368349571 0
0.04297403200547421 0.6265728793291658 0
0.8989072111903995 0.5674595613571798 0
0.7249961974775014 0.783491453667968 0
0.4500000000030566 0.5669872981099173 0
0.45000000000378 0.3071796769756308 0
0.5999999794157252 0.740192366981069 0
0.6250000000012257 0.956698729811208 0
0.7750000000017109 0.5236860279217853 0
0.3500000000039227 0.3937822173534563 0
0.5750000000023076 0.610288568299295 0
0.4500000000028174 0.6535898384879287 0
0.3999362565558815 0.2206139388943272 0
0.4250000000025749 0.7834936490548312 0
0.5499999965710205 0.74019237688534 0
0.300000000003443 0.6535898384875303 0
0.1281010732098168 0.5219854622306109 0
0.847355278212059 0.3086078160182918 0
0.550000000003703 0.2208515065003589 0
0.5250000000030892 0.437083487543048 0
0.2001200059289161 0.3072489624275456 0
0.1749160971399772 0.6968314168315868 0
0.6750000000018408 0.610288568299556 0
0.2749981165019995 0.7834925616146129 0
0.1755959842402801 0.5234043556417572 0
0.5750000000032433 0.3504809471651095 0
0.6999891609741091 0.2205899271313302 0
0.8000000000012434 0.6535898384889967 0
0.4250000000030733 0.6102885682988605 0
0.4000000000037228 0.3937822173536136 0
0.7943478011792919 0.1302763156924934 0
0.5750000000028234 0.43708348754322 0
0.1526136415546507 0.2223178472597812 0
0.3499994598896409 0.8267946074091388 0
0.4000000000032738 0.566987298109778 0
0.3750000000039443 0.3504809471644622 0
0.649996189300706 0.220626153794797 0
0.5250000000018636 0.8700961894330919 0
0.1749191611248457 0.8700945797949617 0
0.6000000000022945 0.5669872981103292 0
0.4000000000039774 0.3071796769754792 0
0.7250000000025497 0.4370834875437429 0
0.6278883519275 0.1751709064053898 0
0.8250000000010321 0.6968911086781532 0
0.1500000000047329 0.3071796769747275 0
0.5750000000025335 0.5236860279212472 0
0.3749997640383259 0.8700960531985018 0
0.3749893760961319 0.2638845405024611 0
0.2999984823036832 0.1342574637526626 0
0.8750220831852387 0.6982974275317348 0
0.3499921644481561 0.2205816604576111 0
0.3249968287258876 0.1773004178322675 0
0.60000000000252 0.480384757732306 0
0.5999999247639087 0.9133974161838931 0
0.5749998729098529 0.8700961160568347 0
0.6250000000026106 0.4370834875433868 0
0.750000000001954 0.4803847577328484 0
0.6499996214501191 0.9133972410659267 0
0.675000000002529 0.4370834875435415 0
0.6999978190665408 0.9133962004596708 0
0.7999580741756547 0.4803605518458474 0
0.8249510865381342 0.4370552473424477 0
0.8750000000016261 0.4370834875442082 0
0.7249988809569168 0.9566980837312649 0
0.3499998147296154 0.9133973526542283 0
0.7749990579382585 0.9566981859117299 0
0.2999989061349257 0.9133968280769322 0
0.7999762283700568 0.9134061330820591 0
0.2749994384623164 0.9566984056056733 0
0.2249997850877559 0.9566986057296685 0
0.8248277828147907 0.8703404188491353 0
0.8746708019124423 0.873018869701274 0
0.955621410706268 0.5727643286166912 0
0.7745561437936203 0.04388117835557019 0
0.7249768921170717 0.04024531919157943 0
0.4557198091579704 0.08980326450140105 0
0.5249999999987419 0.1284927653539718 0
0.675913069200936 0.09303045710589773 0
0.5789872346893918 0.175707928807584 0
0.3789332927588387 0.04482305776418668 0
0.323526190689632 0.09859819094037188 0
0.2749999999993393 0.04189022497512714 0
0.2249999999997787 0.04014166689081825 0
0.1750364615099245 0.09357732335232773 0
0.1256269153379398 0.03436774261860338 0
0.8999915048114266 0.3066980066328137 0
0.07653366928792332 0.9589360754928065 0
0.07949372566847443 0.04535149196019579 0
0.08079282901695584 0.2040094380060913 0
0.8731950895225811 0.7849718954547216 0
0.1286849721219508 0.2632857858674798 0
0.9229183710026383 0.6903669418527736 0
0.07971248213310091 0.3500194745806207 0
0.9186721550388965 0.3507233439931365 0
0.08079696066783607 0.6985184879786166 0
0.07946707618584165 0.09328796956159792 0
0.07939676863472066 0.5962221487921084 0
0.9652238251830857 0.6249999999990127 0
0.08353987248266526 0.4428790255157551 0
0.9170684574315872 0.4422068966975835 0
0.03289015209577214 0.8734844739813751 0
0.9662535686376527 0.8747479960174755 0
0.9666099939270882 0.1255668293348769 0
0.08405597845952213 0.5184575563211299 0
0.9159440215429206 0.5184575563213487 0
0.03292596253440492 0.7770222055949709 0
0.9673718682343959 0.224999999999485 0
0.899639688342863 0.8363113500470758 0
0.8644641162443844 0.2687684383293058 0
0.8393505360899757 0.2251366649393196 0
0.9633974596214028 0.9633974596214232 0
0.03660254037856589 0.0366025403786485 0
0.03660254037858459 0.9633974596214154 0
0.9633974596214204 0.0366025403785176 0
0.6381983558600369 0.07978885795832186 0
0.4881983558606339 0.14078827864247 0
0.4122246964965762 0.09206090528648284 0
0.6123266319279818 0.125403144838103 0
0.8601137494846079 0.1719452377114078 0
0.8360694560566981 0.1259305705029958 0
0.8120130719894374 0.07966679003145898 0
0.07963716592537333 0.1655249994318275 0
0.113745973018425 0.2238450025617742 0
0.9346055322440782 0.6483585846695898 0
0.06933409850426979 0.5534481336997569 0