9 142 1 142
0 1 0 1
1
0 0 0
0 2 0 1
2
1 0 0
0 3 0 1
3
1 1 0
0 4 0 1
4
0 1 0
1 1 0 9
5
6
7
8
9
10
11
12
13
0.09999999999981467 0 0
0.1999999999995579 0 0
0.2999999999992664 0 0
0.3999999999989749 0 0
0.4999999999986943 0 0
0.5999999999989468 0 0
0.69999999999921 0 0
0.7999999999994734 0 0
0.8999999999997368 0 0
1 2 0 9
14
15
16
17
18
19
20
21
22
1 0.09999999999981467 0
1 0.1999999999995579 0
1 0.2999999999992664 0
1 0.3999999999989749 0
1 0.4999999999986943 0
1 0.5999999999989468 0
1 0.69999999999921 0
1 0.7999999999994734 0
1 0.8999999999997368 0
1 3 0 9
23
24
25
26
27
28
29
30
31
0.8999999999995836 1 0
0.7999999999999998 1 0
0.7000000000006934 1 0
0.6000000000013869 1 0
0.5000000000020587 1 0
0.4000000000016644 1 0
0.3000000000012483 1 0
0.2000000000008322 1 0
0.100000000000416 1 0
1 4 0 9
32
33
34
35
36
37
38
39
40
0 0.8999999999995836 0
0 0.7999999999999998 0
0 0.7000000000006934 0
0 0.6000000000013869 0
0 0.5000000000020587 0
0 0.4000000000016644 0
0 0.3000000000012483 0
0 0.2000000000008322 0
0 0.100000000000416 0
2 1 0 102
41
42
43
44
45
46
47
48
49
50
51
52
53
54
55
56
57
58
59
60
61
62
63
64
65
66
67
68
69
70
71
72
73
74
75
76
77
78
79
80
81
82
83
84
85
86
87
88
89
90
91
92
93
94
95
96
97
98
99
100
101
102
103
104
105
106
107
108
109
110
111
112
113
114
115
116
117
118
119
120
121
122
123
124
125
126
127
128
129
130
131
132
133
134
135
136
137
138
139
140
141
142
0.0923679274106517 0.4605742807381244 0
0.9152217186777626 0.5468402906274978 0
0.4500000000018615 0.9133974596216763 0
0.5499999999988205 0.08660254037843171 0
0.6500000000008004 0.9133974596219512 0
0.0888543020725871 0.6509201999022065 0
0.9133974596218086 0.3499999999991206 0
0.3475303635242551 0.08190748804974719 0
0.9103703875043379 0.7586725654707318 0
0.250817301762687 0.9138693290130382 0
0.7459788032314766 0.0795922568967892 0
0.0866025403788042 0.2500000000010402 0
0.09056972474474845 0.8408174380938657 0
0.8495762630717529 0.9153227954948183 0
0.1504237369277891 0.08467720450543256 0
0.9170502595852439 0.150593231699023 0
0.3501362169619658 0.9134761045201359 0
0.4000227028286922 0.8268080267265112 0
0.5000037838059687 0.8267971038241898 0
0.4500044144404198 0.7401949275428534 0
0.5500013663751488 0.7401931677420537 0
0.5000009634704363 0.6535903947466358 0
0.3996660322685218 0.6539624100660317 0
0.4492890262150218 0.5674132367139487 0
0.5498816649485162 0.567058380586982 0
0.4998617818618976 0.4804675945786104 0
0.5999572411359391 0.4804104109524929 0
0.3992029949383341 0.4808333042715242 0
0.449844129468241 0.3938707812513985 0
0.3508014145113751 0.394426123139271 0
0.6499731510146841 0.5670034207262445 0
0.7044542185661735 0.4836609274158974 0
0.6507352432846272 0.3943325211712252 0
0.2989417123120309 0.4807819782420583 0
0.4001075906650118 0.3073017552560432 0
0.3000000000029329 0.3071796769753518 0
0.4999919533568893 0.3072147840053002 0
0.4500000000024962 0.2205771365973902 0
0.7516124797967327 0.5701303236396056 0
0.7002642718023645 0.6541163631790484 0
0.7535358109397494 0.3987254670893927 0
0.7000000000012366 0.3071796769756577 0
0.8000000000003891 0.6535898384882719 0
0.7471434102059789 0.738605450528609 0
0.5500000000021403 0.2205771365975497 0
0.8109810542586328 0.304753609815471 0
0.7487737367126539 0.2215627586077859 0
0.3001627035935245 0.8268888562051477 0
0.1994089234458856 0.8296981761685946 0
0.2499286045088542 0.7410578833522045 0
0.1494939110587462 0.7431601482469266 0
0.1967429917984388 0.6534863612147317 0
0.147506470839524 0.5596891567283323 0
0.2461396475416211 0.5647585225755517 0
0.2006125504552567 0.4738835212418009 0
0.1629581819743504 0.3803886475363469 0
0.3488732355465843 0.5672558538991084 0
0.6000008583640313 0.8267954148199791 0
0.8994183955992584 0.6528983889292926 0
0.6499999999991334 0.08660254037864022 0
0.9157740970141776 0.4494733817703521 0
0.8167956118738321 0.4899817334731324 0
0.4498499977837825 0.08393456559302379 0
0.5500007736960179 0.9133979063146327 0
0.2471893802660854 0.08407329706072977 0
0.1856343100128921 0.1794039491425673 0
0.9132469817449552 0.2508911402519999 0
0.6000202362686522 0.6536923509744801 0
0.7499293771789075 0.9137183489341745 0
0.349200695495714 0.2288327370242562 0
0.5500650581848779 0.3939126281557882 0
0.649571690502735 0.7400329444146918 0
0.6994408893754029 0.8265574229272837 0
0.6001320424719053 0.3072989805838405 0
0.8150407418201521 0.818302436705409 0
0.6500000000016609 0.220577136597522 0
0.3499640762739982 0.740782962569714 0
0.298552431323003 0.6535506656128902 0
0.1530678781041704 0.9178724624824317 0
0.9167537064254059 0.8508718537559956 0
0.08296629115975593 0.1498875452108657 0
0.1890575670468488 0.294084236215794 0
0.8440933898604547 0.09385434397709348 0
0.2503952377171325 0.3884573638917705 0
0.07972803913531311 0.3493512757062616 0
0.8380531170040462 0.1999999999995608 0
0.8406928938275631 0.3992789991981978 0
0.2898261153518067 0.1633999302292042 0
0.06578358757521634 0.7469795572487383 0
0.6999999999992162 0.1535898384871379 0
0.5999999999988372 0.1535898384867518 0
0.4999999999989005 0.1535898384865988 0
0.3977345286928258 0.1553736159967034 0
0.832596189432157 0.73014428415014 0
0.06525626353167142 0.5500000000017228 0
0.8366096411895949 0.58268811503156 0
0.2613872612265487 0.2359890604552145 0
0.926794919243098 0.9267949192431389 0
0.07320508075687601 0.9267949192431241 0
0.9267949192432314 0.07320508075664824 0
0.07320508075662228 0.07320508075678341 0
0.7753798093615696 0.1497198395936735 0